onset,offset,midi_number,pitch_name,duration,staff,measure,beat_in_measure, instrument,tie_type,mode,select_time
0.0,1.0,60,C4,1.0,0,1,1.0,violin1,None,note,0
1.5,1.6666666666666667,55,G3,0.16666666666666666,0,1,2.5,violin1,None,note,0
1.6666666666666667,1.8333333333333335,57,A3,0.16666666666666666,0,1,2.6666666666666665,violin1,None,note,0
1.8333333333333333,2.0,59,B3,0.16666666666666666,0,1,2.8333333333333335,violin1,None,note,0
2.0,3.0,60,C4,1.0,0,1,3.0,violin1,None,note,0
3.5,3.6666666666666665,55,G3,0.16666666666666666,0,1,4.5,violin1,None,note,0
3.6666666666666665,3.833333333333333,57,A3,0.16666666666666666,0,1,4.666666666666667,violin1,None,note,0
3.8333333333333335,4.0,59,B3,0.16666666666666666,0,1,4.833333333333333,violin1,None,note,0
4.0,5.0,60,C4,1.0,0,2,1.0,violin1,None,note,0
7.5,8.0,72,C5,0.5,0,2,4.5,violin1,None,note,0
8.0,9.5,72,C5,1.5,0,3,1.0,violin1,None,note,0
9.5,10.0,71,B4,0.5,0,3,2.5,violin1,None,note,0
10.0,11.5,74,D5,1.5,0,3,3.0,violin1,None,note,0
11.5,12.0,72,C5,0.5,0,3,4.5,violin1,None,note,0
12.0,14.0,79,G5,2.0,0,4,1.0,violin1,None,note,0
14.0,15.0,77,F5,1.0,0,4,3.0,violin1,None,note,0
16.0,17.0,55,G3,1.0,0,5,1.0,violin1,None,chord,0
16.0,17.0,67,G4,1.0,0,5,1.0,violin1,None,chord,0
17.5,17.666666666666668,62,D4,0.16666666666666666,0,5,2.5,violin1,None,note,0
17.666666666666668,17.833333333333336,64,E4,0.16666666666666666,0,5,2.6666666666666665,violin1,None,note,0
17.833333333333332,18.0,66,F#4,0.16666666666666666,0,5,2.8333333333333335,violin1,None,note,0
18.0,19.0,67,G4,1.0,0,5,3.0,violin1,None,note,0
19.5,19.666666666666668,62,D4,0.16666666666666666,0,5,4.5,violin1,None,note,0
19.666666666666668,19.833333333333336,64,E4,0.16666666666666666,0,5,4.666666666666667,violin1,None,note,0
19.833333333333332,20.0,66,F#4,0.16666666666666666,0,5,4.833333333333333,violin1,None,note,0
20.0,21.0,67,G4,1.0,0,6,1.0,violin1,None,note,0
23.5,24.0,74,D5,0.5,0,6,4.5,violin1,None,note,0
24.0,25.5,74,D5,1.5,0,7,1.0,violin1,None,note,0
25.5,26.0,72,C5,0.5,0,7,2.5,violin1,None,note,0
26.0,27.5,79,G5,1.5,0,7,3.0,violin1,None,note,0
27.5,28.0,77,F5,0.5,0,7,4.5,violin1,None,note,0
28.0,30.0,81,A5,2.0,0,8,1.0,violin1,None,note,0
30.0,31.0,79,G5,1.0,0,8,3.0,violin1,None,note,0
32.0,33.0,67,G4,1.0,0,9,1.0,violin1,None,chord,0
32.0,33.0,76,E5,1.0,0,9,1.0,violin1,None,chord,0
32.0,33.0,84,C6,1.0,0,9,1.0,violin1,None,chord,0
35.0,36.0,67,G4,1.0,0,9,4.0,violin1,None,chord,0
35.0,36.0,76,E5,1.0,0,9,4.0,violin1,None,chord,0
35.0,36.0,84,C6,1.0,0,9,4.0,violin1,None,chord,0
36.0,37.0,65,F4,1.0,0,10,1.0,violin1,None,chord,0
36.0,37.0,72,C5,1.0,0,10,1.0,violin1,None,chord,0
36.0,37.0,81,A5,1.0,0,10,1.0,violin1,None,chord,0
39.0,40.0,69,A4,1.0,0,10,4.0,violin1,None,chord,0
39.0,40.0,77,F5,1.0,0,10,4.0,violin1,None,chord,0
40.0,41.0,59,B3,1.0,0,11,1.0,violin1,None,chord,0
40.0,41.0,67,G4,1.0,0,11,1.0,violin1,None,chord,0
40.0,41.0,74,D5,1.0,0,11,1.0,violin1,None,chord,0
43.0,44.0,62,D4,1.0,0,11,4.0,violin1,None,chord,0
43.0,44.0,71,B4,1.0,0,11,4.0,violin1,None,chord,0
43.0,44.0,79,G5,1.0,0,11,4.0,violin1,None,chord,0
44.0,45.0,64,E4,1.0,0,12,1.0,violin1,None,chord,0
44.0,45.0,72,C5,1.0,0,12,1.0,violin1,None,chord,0
44.0,45.0,76,E5,1.0,0,12,1.0,violin1,None,chord,0
47.0,48.0,67,G4,1.0,0,12,4.0,violin1,None,chord,0
47.0,48.0,76,E5,1.0,0,12,4.0,violin1,None,chord,0
47.0,48.0,84,C6,1.0,0,12,4.0,violin1,None,chord,0
48.0,49.0,65,F4,1.0,0,13,1.0,violin1,None,chord,0
48.0,49.0,72,C5,1.0,0,13,1.0,violin1,None,chord,0
48.0,49.0,81,A5,1.0,0,13,1.0,violin1,None,chord,0
51.0,52.0,69,A4,1.0,0,13,4.0,violin1,None,chord,0
51.0,52.0,77,F5,1.0,0,13,4.0,violin1,None,chord,0
52.0,53.0,59,B3,1.0,0,14,1.0,violin1,None,chord,0
52.0,53.0,67,G4,1.0,0,14,1.0,violin1,None,chord,0
52.0,53.0,74,D5,1.0,0,14,1.0,violin1,None,chord,0
55.0,56.0,62,D4,1.0,0,14,4.0,violin1,None,chord,0
55.0,56.0,71,B4,1.0,0,14,4.0,violin1,None,chord,0
55.0,56.0,79,G5,1.0,0,14,4.0,violin1,None,chord,0
56.0,57.0,72,C5,1.0,0,15,1.0,violin1,None,chord,0
56.0,57.0,76,E5,1.0,0,15,1.0,violin1,None,chord,0
57.0,58.0,67,G4,1.0,0,15,2.0,violin1,None,chord,0
57.0,58.0,76,E5,1.0,0,15,2.0,violin1,None,chord,0
57.0,58.0,84,C6,1.0,0,15,2.0,violin1,None,chord,0
59.0,60.0,67,G4,1.0,0,15,4.0,violin1,None,chord,0
59.0,60.0,74,D5,1.0,0,15,4.0,violin1,None,chord,0
59.0,60.0,83,B5,1.0,0,15,4.0,violin1,None,chord,0
61.0,62.0,67,G4,1.0,0,16,2.0,violin1,None,chord,0
61.0,62.0,76,E5,1.0,0,16,2.0,violin1,None,chord,0
61.0,62.0,84,C6,1.0,0,16,2.0,violin1,None,chord,0
63.0,64.0,67,G4,1.0,0,16,4.0,violin1,None,chord,0
63.0,64.0,74,D5,1.0,0,16,4.0,violin1,None,chord,0
63.0,64.0,83,B5,1.0,0,16,4.0,violin1,None,chord,0
64.0,65.0,67,G4,1.0,0,17,1.0,violin1,None,chord,0
64.0,65.0,76,E5,1.0,0,17,1.0,violin1,None,chord,0
64.0,65.0,84,C6,1.0,0,17,1.0,violin1,None,chord,0
65.0,66.0,79,G5,1.0,0,17,2.0,violin1,None,note,0
66.0,67.0,84,C6,1.0,0,17,3.0,violin1,None,note,0
67.0,68.0,79,G5,1.0,0,17,4.0,violin1,None,note,0
68.0,69.0,84,C6,1.0,0,18,1.0,violin1,None,note,0
69.0,70.0,79,G5,1.0,0,18,2.0,violin1,None,note,0
70.0,71.0,76,E5,1.0,0,18,3.0,violin1,None,note,0
71.0,72.0,72,C5,1.0,0,18,4.0,violin1,None,note,0
72.0,73.0,67,G4,1.0,0,19,1.0,violin1,None,note,0
73.5,74.0,83,B5,0.5,0,19,2.5,violin1,None,note,0
74.0,75.0,84,C6,1.0,0,19,3.0,violin1,None,note,0
75.5,76.0,84,C6,0.5,0,19,4.5,violin1,None,note,0
76.0,77.0,83,B5,1.0,0,20,1.0,violin1,None,note,0
77.5,78.0,83,B5,0.5,0,20,2.5,violin1,None,note,0
78.0,79.0,84,C6,1.0,0,20,3.0,violin1,None,note,0
79.5,80.0,84,C6,0.5,0,20,4.5,violin1,None,note,0
80.0,80.5,83,B5,0.5,0,21,1.0,violin1,None,note,0
80.5,81.0,84,C6,0.5,0,21,1.5,violin1,None,note,0
81.0,81.5,83,B5,0.5,0,21,2.0,violin1,None,note,0
81.5,82.0,84,C6,0.5,0,21,2.5,violin1,None,note,0
82.0,82.5,83,B5,0.5,0,21,3.0,violin1,None,note,0
82.5,83.0,84,C6,0.5,0,21,3.5,violin1,None,note,0
83.0,83.5,83,B5,0.5,0,21,4.0,violin1,None,note,0
83.5,84.0,84,C6,0.5,0,21,4.5,violin1,None,note,0
84.0,85.0,83,B5,1.0,0,22,1.0,violin1,None,note,0
85.0,86.0,62,D4,1.0,0,22,2.0,violin1,None,chord,0
85.0,86.0,71,B4,1.0,0,22,2.0,violin1,None,chord,0
85.0,86.0,79,G5,1.0,0,22,2.0,violin1,None,chord,0
86.0,87.0,55,G3,1.0,0,22,3.0,violin1,None,chord,0
86.0,87.0,67,G4,1.0,0,22,3.0,violin1,None,chord,0
87.0,88.0,55,G3,1.0,0,22,4.0,violin1,None,chord,0
87.0,88.0,67,G4,1.0,0,22,4.0,violin1,None,chord,0
88.0,92.0,55,G3,4.0,0,23,1.0,violin1,None,chord,0
88.0,92.0,67,G4,4.0,0,23,1.0,violin1,None,chord,0
92.0,93.0,60,C4,1.0,0,24,1.0,violin1,None,note,0
93.5,93.66666666666667,55,G3,0.16666666666666666,0,24,2.5,violin1,None,note,0
93.66666666666667,93.83333333333334,57,A3,0.16666666666666666,0,24,2.6666666666666665,violin1,None,note,0
93.83333333333333,94.0,59,B3,0.16666666666666666,0,24,2.8333333333333335,violin1,None,note,0
94.0,95.0,60,C4,1.0,0,24,3.0,violin1,None,note,0
95.5,95.66666666666667,55,G3,0.16666666666666666,0,24,4.5,violin1,None,note,0
95.66666666666667,95.83333333333334,57,A3,0.16666666666666666,0,24,4.666666666666667,violin1,None,note,0
95.83333333333333,96.0,59,B3,0.16666666666666666,0,24,4.833333333333333,violin1,None,note,0
96.0,97.0,60,C4,1.0,0,25,1.0,violin1,None,note,0
99.5,100.0,72,C5,0.5,0,25,4.5,violin1,None,note,0
100.0,101.5,72,C5,1.5,0,26,1.0,violin1,None,note,0
101.5,102.0,71,B4,0.5,0,26,2.5,violin1,None,note,0
102.0,103.5,74,D5,1.5,0,26,3.0,violin1,None,note,0
103.5,104.0,72,C5,0.5,0,26,4.5,violin1,None,note,0
104.0,106.0,79,G5,2.0,0,27,1.0,violin1,None,note,0
106.0,107.0,77,F5,1.0,0,27,3.0,violin1,None,note,0
108.0,109.0,67,G4,1.0,0,28,1.0,violin1,None,note,0
109.5,109.66666666666667,62,D4,0.16666666666666666,0,28,2.5,violin1,None,note,0
109.66666666666667,109.83333333333334,64,E4,0.16666666666666666,0,28,2.6666666666666665,violin1,None,note,0
109.83333333333333,110.0,66,F#4,0.16666666666666666,0,28,2.8333333333333335,violin1,None,note,0
110.0,111.0,67,G4,1.0,0,28,3.0,violin1,None,note,0
111.5,111.66666666666667,62,D4,0.16666666666666666,0,28,4.5,violin1,None,note,0
111.66666666666667,111.83333333333334,64,E4,0.16666666666666666,0,28,4.666666666666667,violin1,None,note,0
111.83333333333333,112.0,66,F#4,0.16666666666666666,0,28,4.833333333333333,violin1,None,note,0
112.0,113.0,67,G4,1.0,0,29,1.0,violin1,None,note,0
115.5,116.0,74,D5,0.5,0,29,4.5,violin1,None,note,0
116.0,117.5,74,D5,1.5,0,30,1.0,violin1,None,note,0
117.5,118.0,73,C#5,0.5,0,30,2.5,violin1,None,note,0
118.0,119.5,76,E5,1.5,0,30,3.0,violin1,None,note,0
119.5,120.0,74,D5,0.5,0,30,4.5,violin1,None,note,0
120.0,122.0,82,B-5,2.0,0,31,1.0,violin1,None,note,0
122.0,122.5,81,A5,0.5,0,31,3.0,violin1,None,note,0
123.0,123.5,76,E5,0.5,0,31,4.0,violin1,None,note,0
124.0,126.0,79,G5,2.0,0,32,1.0,violin1,None,note,0
126.0,126.5,78,F#5,0.5,0,32,3.0,violin1,None,note,0
127.0,127.5,74,D5,0.5,0,32,4.0,violin1,None,note,0
128.0,130.0,80,A-5,2.0,0,33,1.0,violin1,None,note,0
130.0,130.5,79,G5,0.5,0,33,3.0,violin1,None,note,0
131.0,131.5,74,D5,0.5,0,33,4.0,violin1,None,note,0
132.0,134.0,77,F5,2.0,0,34,1.0,violin1,None,note,0
134.0,134.5,76,E5,0.5,0,34,3.0,violin1,None,note,0
135.0,135.5,72,C5,0.5,0,34,4.0,violin1,None,note,0
136.0,137.0,79,G5,1.0,0,35,1.0,violin1,None,note,0
137.0,139.0,77,F5,2.0,0,35,2.0,violin1,None,note,0
139.0,141.0,76,E5,2.0,0,35,4.0,violin1,<music21.tie.Tie start>,note,1
141.0,142.0,74,D5,1.0,0,36,2.0,violin1,None,note,0
142.0,143.0,81,A5,1.0,0,36,3.0,violin1,None,note,0
143.0,144.0,72,C5,1.0,0,36,4.0,violin1,None,note,0
144.0,145.0,62,D4,1.0,0,37,1.0,violin1,None,chord,0
144.0,145.0,71,B4,1.0,0,37,1.0,violin1,None,chord,0
144.0,145.0,79,G5,1.0,0,37,1.0,violin1,None,chord,0
145.5,145.66666666666666,62,D4,0.16666666666666666,0,37,2.5,violin1,None,note,0
145.66666666666666,145.83333333333331,64,E4,0.16666666666666666,0,37,2.6666666666666665,violin1,None,note,0
145.83333333333334,146.0,66,F#4,0.16666666666666666,0,37,2.8333333333333335,violin1,None,note,0
146.0,147.0,67,G4,1.0,0,37,3.0,violin1,None,note,0
147.5,147.66666666666666,62,D4,0.16666666666666666,0,37,4.5,violin1,None,note,0
147.66666666666666,147.83333333333331,64,E4,0.16666666666666666,0,37,4.666666666666667,violin1,None,note,0
147.83333333333334,148.0,66,F#4,0.16666666666666666,0,37,4.833333333333333,violin1,None,note,0
148.0,149.0,67,G4,1.0,0,38,1.0,violin1,None,note,0
151.5,152.0,79,G5,0.5,0,38,4.5,violin1,None,note,0
152.0,153.5,81,A5,1.5,0,39,1.0,violin1,None,note,0
153.5,154.0,79,G5,0.5,0,39,2.5,violin1,None,note,0
154.0,155.5,83,B5,1.5,0,39,3.0,violin1,None,note,0
155.5,156.0,81,A5,0.5,0,39,4.5,violin1,None,note,0
156.0,158.0,84,C6,2.0,0,40,1.0,violin1,None,note,0
158.0,159.0,83,B5,1.0,0,40,3.0,violin1,None,note,0
159.5,160.0,80,G#5,0.5,0,40,4.5,violin1,None,note,0
160.0,161.5,83,B5,1.5,0,41,1.0,violin1,None,note,0
161.5,162.0,81,A5,0.5,0,41,2.5,violin1,None,note,0
162.0,163.5,84,C6,1.5,0,41,3.0,violin1,None,note,0
163.5,164.0,83,B5,0.5,0,41,4.5,violin1,None,note,0
164.0,166.0,86,D6,2.0,0,42,1.0,violin1,None,note,0
166.0,167.0,84,C6,1.0,0,42,3.0,violin1,None,note,0
167.5,168.0,82,A#5,0.5,0,42,4.5,violin1,None,note,0
168.0,169.5,84,C6,1.5,0,43,1.0,violin1,None,note,0
169.5,170.0,83,B5,0.5,0,43,2.5,violin1,None,note,0
170.0,171.5,86,D6,1.5,0,43,3.0,violin1,None,note,0
171.5,172.0,85,C#6,0.5,0,43,4.5,violin1,None,note,0
172.0,174.0,88,E6,2.0,0,44,1.0,violin1,None,note,0
174.0,175.0,86,D6,1.0,0,44,3.0,violin1,None,note,0
175.5,176.0,83,B5,0.5,0,44,4.5,violin1,None,note,0
176.0,178.0,86,D6,2.0,0,45,1.0,violin1,None,note,0
178.0,179.0,84,C6,1.0,0,45,3.0,violin1,None,note,0
179.5,180.0,82,A#5,0.5,0,45,4.5,violin1,None,note,0
180.0,182.0,84,C6,2.0,0,46,1.0,violin1,None,note,0
182.0,183.0,83,B5,1.0,0,46,3.0,violin1,None,note,0
183.5,184.0,83,B5,0.5,0,46,4.5,violin1,None,note,0
184.0,185.0,81,A5,1.0,0,47,1.0,violin1,None,note,0
185.0,186.0,80,G#5,1.0,0,47,2.0,violin1,None,note,0
186.0,187.0,81,A5,1.0,0,47,3.0,violin1,None,note,0
187.0,188.0,80,G#5,1.0,0,47,4.0,violin1,None,note,0
188.0,189.0,81,A5,1.0,0,48,1.0,violin1,None,note,0
189.0,190.0,84,C6,1.0,0,48,2.0,violin1,None,note,0
190.0,191.0,81,A5,1.0,0,48,3.0,violin1,None,note,0
191.0,192.0,79,G5,1.0,0,48,4.0,violin1,None,note,0
192.0,193.0,78,F#5,1.0,0,49,1.0,violin1,None,note,0
195.0,196.0,62,D4,1.0,0,49,4.0,violin1,None,chord,0
195.0,196.0,74,D5,1.0,0,49,4.0,violin1,None,chord,0
195.0,196.0,81,A5,1.0,0,49,4.0,violin1,None,chord,0
196.0,197.0,62,D4,1.0,0,50,1.0,violin1,None,chord,0
196.0,197.0,74,D5,1.0,0,50,1.0,violin1,None,chord,0
196.0,197.0,83,B5,1.0,0,50,1.0,violin1,None,chord,0
199.0,200.0,62,D4,1.0,0,50,4.0,violin1,None,chord,0
199.0,200.0,71,B4,1.0,0,50,4.0,violin1,None,chord,0
199.0,200.0,79,G5,1.0,0,50,4.0,violin1,None,chord,0
200.0,201.0,62,D4,1.0,0,51,1.0,violin1,None,chord,0
200.0,201.0,74,D5,1.0,0,51,1.0,violin1,None,chord,0
200.0,201.0,86,D6,1.0,0,51,1.0,violin1,None,chord,0
203.0,204.0,62,D4,1.0,0,51,4.0,violin1,None,chord,0
203.0,204.0,74,D5,1.0,0,51,4.0,violin1,None,chord,0
203.0,204.0,81,A5,1.0,0,51,4.0,violin1,None,chord,0
204.0,205.0,62,D4,1.0,0,52,1.0,violin1,None,chord,0
204.0,205.0,74,D5,1.0,0,52,1.0,violin1,None,chord,0
204.0,205.0,83,B5,1.0,0,52,1.0,violin1,None,chord,0
207.0,208.0,62,D4,1.0,0,52,4.0,violin1,None,chord,0
207.0,208.0,71,B4,1.0,0,52,4.0,violin1,None,chord,0
207.0,208.0,79,G5,1.0,0,52,4.0,violin1,None,chord,0
208.0,209.0,62,D4,1.0,0,53,1.0,violin1,None,chord,0
208.0,209.0,74,D5,1.0,0,53,1.0,violin1,None,chord,0
208.0,209.0,86,D6,1.0,0,53,1.0,violin1,None,chord,0
209.0,210.0,62,D4,1.0,0,53,2.0,violin1,None,chord,0
209.0,210.0,74,D5,1.0,0,53,2.0,violin1,None,chord,0
209.0,210.0,81,A5,1.0,0,53,2.0,violin1,None,chord,0
211.0,212.0,62,D4,1.0,0,53,4.0,violin1,None,chord,0
211.0,212.0,74,D5,1.0,0,53,4.0,violin1,None,chord,0
211.0,212.0,83,B5,1.0,0,53,4.0,violin1,None,chord,0
213.0,214.0,62,D4,1.0,0,54,2.0,violin1,None,chord,0
213.0,214.0,74,D5,1.0,0,54,2.0,violin1,None,chord,0
213.0,214.0,81,A5,1.0,0,54,2.0,violin1,None,chord,0
215.0,216.0,62,D4,1.0,0,54,4.0,violin1,None,chord,0
215.0,216.0,74,D5,1.0,0,54,4.0,violin1,None,chord,0
215.0,216.0,83,B5,1.0,0,54,4.0,violin1,None,chord,0
216.0,217.0,62,D4,1.0,0,55,1.0,violin1,None,chord,0
216.0,217.0,74,D5,1.0,0,55,1.0,violin1,None,chord,0
216.0,217.0,81,A5,1.0,0,55,1.0,violin1,None,chord,0
220.0,223.0,79,G5,3.0,0,56,1.0,violin1,None,note,0
223.0,224.0,80,G#5,1.0,0,56,4.0,violin1,None,note,0
224.0,225.0,81,A5,1.0,0,57,1.0,violin1,None,note,0
229.0,229.75,84,C6,0.75,0,58,2.0,violin1,None,note,0
229.75,230.0,81,A5,0.25,0,58,2.75,violin1,None,note,0
230.0,230.5,78,F#5,0.5,0,58,3.0,violin1,None,note,0
231.0,231.5,78,F#5,0.5,0,58,4.0,violin1,None,note,0
232.0,233.5,79,G5,1.5,0,59,1.0,violin1,None,note,0
233.5,233.75,78,F#5,0.25,0,59,2.5,violin1,None,note,0
233.75,234.0,76,E5,0.25,0,59,2.75,violin1,None,note,0
234.0,234.5,74,D5,0.5,0,59,3.0,violin1,None,note,0
235.0,235.75,74,D5,0.75,0,59,4.0,violin1,None,note,0
235.75,236.0,76,E5,0.25,0,59,4.75,violin1,None,note,0
236.0,236.5,72,C5,0.5,0,60,1.0,violin1,None,note,0
237.0,237.75,72,C5,0.75,0,60,2.0,violin1,None,note,0
237.75,238.0,74,D5,0.25,0,60,2.75,violin1,None,note,0
238.0,238.5,71,B4,0.5,0,60,3.0,violin1,None,note,0
239.0,239.75,71,B4,0.75,0,60,4.0,violin1,None,note,0
239.75,240.0,72,C5,0.25,0,60,4.75,violin1,None,note,0
240.0,240.5,69,A4,0.5,0,61,1.0,violin1,None,note,0
240.5,241.0,71,B4,0.5,0,61,1.5,violin1,None,note,0
241.0,241.5,72,C5,0.5,0,61,2.0,violin1,None,note,0
241.5,242.0,73,C#5,0.5,0,61,2.5,violin1,None,note,0
242.0,242.5,74,D5,0.5,0,61,3.0,violin1,None,note,0
242.5,243.0,75,D#5,0.5,0,61,3.5,violin1,None,note,0
243.0,243.5,76,E5,0.5,0,61,4.0,violin1,None,note,0
243.5,244.0,78,F#5,0.5,0,61,4.5,violin1,None,note,0
244.0,247.0,79,G5,3.0,0,62,1.0,violin1,None,note,0
247.0,248.0,80,G#5,1.0,0,62,4.0,violin1,None,note,0
248.0,249.0,81,A5,1.0,0,63,1.0,violin1,None,note,0
253.0,253.75,84,C6,0.75,0,64,2.0,violin1,None,note,0
253.75,254.0,81,A5,0.25,0,64,2.75,violin1,None,note,0
254.0,254.5,78,F#5,0.5,0,64,3.0,violin1,None,note,0
255.0,255.5,78,F#5,0.5,0,64,4.0,violin1,None,note,0
256.0,257.5,79,G5,1.5,0,65,1.0,violin1,None,note,0
257.5,257.75,78,F#5,0.25,0,65,2.5,violin1,None,note,0
257.75,258.0,76,E5,0.25,0,65,2.75,violin1,None,note,0
258.0,258.5,74,D5,0.5,0,65,3.0,violin1,None,note,0
259.0,259.75,74,D5,0.75,0,65,4.0,violin1,None,note,0
259.75,260.0,76,E5,0.25,0,65,4.75,violin1,None,note,0
260.0,260.5,72,C5,0.5,0,66,1.0,violin1,None,note,0
261.0,261.75,72,C5,0.75,0,66,2.0,violin1,None,note,0
261.75,262.0,74,D5,0.25,0,66,2.75,violin1,None,note,0
262.0,262.5,71,B4,0.5,0,66,3.0,violin1,None,note,0
263.0,263.75,71,B4,0.75,0,66,4.0,violin1,None,note,0
263.75,264.0,72,C5,0.25,0,66,4.75,violin1,None,note,0
264.0,265.0,69,A4,1.0,0,67,1.0,violin1,None,note,0
265.0,266.0,69,A4,1.0,0,67,2.0,violin1,None,note,0
266.0,267.0,69,A4,1.0,0,67,3.0,violin1,None,note,0
267.0,267.75,71,B4,0.75,0,67,4.0,violin1,None,note,0
267.75,268.0,72,C5,0.25,0,67,4.75,violin1,None,note,0
268.0,268.5,74,D5,0.5,0,68,1.0,violin1,None,note,0
269.0,269.75,74,D5,0.75,0,68,2.0,violin1,None,note,0
269.75,270.0,76,E5,0.25,0,68,2.75,violin1,None,note,0
270.0,270.5,72,C5,0.5,0,68,3.0,violin1,None,note,0
271.0,271.75,72,C5,0.75,0,68,4.0,violin1,None,note,0
271.75,272.0,74,D5,0.25,0,68,4.75,violin1,None,note,0
272.0,273.0,71,B4,1.0,0,69,1.0,violin1,None,note,0
273.0,274.0,71,B4,1.0,0,69,2.0,violin1,None,note,0
274.0,274.5,71,B4,0.5,0,69,3.0,violin1,None,note,0
274.5,275.0,74,D5,0.5,0,69,3.5,violin1,None,note,0
275.0,275.5,72,C5,0.5,0,69,4.0,violin1,None,note,0
275.5,276.0,69,A4,0.5,0,69,4.5,violin1,None,note,0
276.0,279.0,67,G4,3.0,0,70,1.0,violin1,None,note,0
279.0,279.5,71,B4,0.5,0,70,4.0,violin1,None,note,0
279.5,280.0,69,A4,0.5,0,70,4.5,violin1,None,note,0
280.0,281.0,67,G4,1.0,0,71,1.0,violin1,None,note,0
284.0,287.0,81,A5,3.0,0,72,1.0,violin1,None,note,0
287.0,287.5,83,B5,0.5,0,72,4.0,violin1,None,note,0
287.5,288.0,84,C6,0.5,0,72,4.5,violin1,None,note,0
288.0,289.0,86,D6,1.0,0,73,1.0,violin1,None,note,0
289.0,290.0,86,D6,1.0,0,73,2.0,violin1,None,note,0
290.0,291.0,86,D6,1.0,0,73,3.0,violin1,None,note,0
291.0,291.25,84,C6,0.25,0,73,4.0,violin1,None,note,0
291.25,291.5,83,B5,0.25,0,73,4.25,violin1,None,note,0
291.5,291.75,81,A5,0.25,0,73,4.5,violin1,None,note,0
291.75,292.0,79,G5,0.25,0,73,4.75,violin1,None,note,0
292.0,293.0,81,A5,1.0,0,74,1.0,violin1,None,note,0
293.0,294.0,81,A5,1.0,0,74,2.0,violin1,None,note,0
294.0,295.0,81,A5,1.0,0,74,3.0,violin1,None,note,0
295.0,295.25,79,G5,0.25,0,74,4.0,violin1,None,note,0
295.25,295.5,78,F#5,0.25,0,74,4.25,violin1,None,note,0
295.5,295.75,76,E5,0.25,0,74,4.5,violin1,None,note,0
295.75,296.0,74,D5,0.25,0,74,4.75,violin1,None,note,0
296.0,297.0,79,G5,1.0,0,75,1.0,violin1,None,note,0
300.0,303.0,81,A5,3.0,0,76,1.0,violin1,None,note,0
303.0,303.5,83,B5,0.5,0,76,4.0,violin1,None,note,0
303.5,304.0,84,C6,0.5,0,76,4.5,violin1,None,note,0
304.0,305.0,86,D6,1.0,0,77,1.0,violin1,None,note,0
305.0,306.0,86,D6,1.0,0,77,2.0,violin1,None,note,0
306.0,307.0,86,D6,1.0,0,77,3.0,violin1,None,note,0
307.0,307.25,84,C6,0.25,0,77,4.0,violin1,None,note,0
307.25,307.5,83,B5,0.25,0,77,4.25,violin1,None,note,0
307.5,307.75,81,A5,0.25,0,77,4.5,violin1,None,note,0
307.75,308.0,80,G#5,0.25,0,77,4.75,violin1,None,note,0
308.0,309.0,88,E6,1.0,0,78,1.0,violin1,None,note,0
309.0,310.0,88,E6,1.0,0,78,2.0,violin1,None,note,0
310.0,311.0,88,E6,1.0,0,78,3.0,violin1,None,note,0
311.0,311.25,86,D6,0.25,0,78,4.0,violin1,None,note,0
311.25,311.5,84,C6,0.25,0,78,4.25,violin1,None,note,0
311.5,311.75,83,B5,0.25,0,78,4.5,violin1,None,note,0
311.75,312.0,81,A5,0.25,0,78,4.75,violin1,None,note,0
312.0,313.0,89,F6,1.0,0,79,1.0,violin1,None,note,0
313.0,314.0,89,F6,1.0,0,79,2.0,violin1,None,note,0
314.0,315.0,89,F6,1.0,0,79,3.0,violin1,None,note,0
320.0,324.0,87,E-6,4.0,0,81,1.0,violin1,None,note,0
324.0,324.0,86,D6,0.0,0,82,1.0,violin1,None,note,0
324.0,326.0,87,E-6,2.0,0,82,1.0,violin1,None,note,0
326.0,326.0,86,D6,0.0,0,82,3.0,violin1,None,note,0
326.0,328.0,87,E-6,2.0,0,82,3.0,violin1,None,note,0
328.0,332.0,88,E6,4.0,0,83,1.0,violin1,None,note,0
332.0,334.0,89,F6,2.0,0,84,1.0,violin1,None,note,0
334.0,336.0,56,A-3,2.0,0,84,3.0,violin1,None,chord,0
334.0,336.0,65,F4,2.0,0,84,3.0,violin1,None,chord,0
336.0,337.0,55,G3,1.0,0,85,1.0,violin1,None,chord,0
336.0,337.0,64,E4,1.0,0,85,1.0,violin1,None,chord,0
337.0,338.0,64,E4,1.0,0,85,2.0,violin1,None,note,0
338.0,339.0,67,G4,1.0,0,85,3.0,violin1,None,note,0
339.0,340.0,72,C5,1.0,0,85,4.0,violin1,None,note,0
340.0,341.0,76,E5,1.0,0,86,1.0,violin1,None,note,0
341.0,342.0,79,G5,1.0,0,86,2.0,violin1,None,note,0
342.0,342.5,84,C6,0.5,0,86,3.0,violin1,None,note,0
343.0,343.5,88,E6,0.5,0,86,4.0,violin1,None,note,0
344.0,344.5,62,D4,0.5,0,87,1.0,violin1,None,chord,0
344.0,344.5,74,D5,0.5,0,87,1.0,violin1,None,chord,0
344.0,344.5,86,D6,0.5,0,87,1.0,violin1,None,chord,0
345.0,347.0,86,D6,2.0,0,87,2.0,violin1,None,note,0
347.0,347.0,84,C6,0.0,0,87,4.0,violin1,None,note,0
347.0,347.5,83,B5,0.5,0,87,4.0,violin1,None,note,0
347.5,347.75,81,A5,0.25,0,87,4.5,violin1,None,note,0
347.75,348.0,79,G5,0.25,0,87,4.75,violin1,None,note,0
348.0,349.0,86,D6,1.0,0,88,1.0,violin1,None,note,0
349.0,349.0,84,C6,0.0,0,88,2.0,violin1,None,note,0
349.0,349.5,83,B5,0.5,0,88,2.0,violin1,None,note,0
349.5,349.75,81,A5,0.25,0,88,2.5,violin1,None,note,0
349.75,350.0,79,G5,0.25,0,88,2.75,violin1,None,note,0
350.0,351.0,83,B5,1.0,0,88,3.0,violin1,None,note,0
351.0,352.0,81,A5,1.0,0,88,4.0,violin1,None,note,0
352.0,353.5,79,G5,1.5,0,89,1.0,violin1,None,note,0
353.5,354.0,78,F#5,0.5,0,89,2.5,violin1,None,note,0
354.0,354.75,81,A5,0.75,0,89,3.0,violin1,None,note,0
354.75,355.0,79,G5,0.25,0,89,3.75,violin1,None,note,0
355.0,355.75,84,C6,0.75,0,89,4.0,violin1,None,note,0
355.75,356.0,83,B5,0.25,0,89,4.75,violin1,None,note,0
356.0,357.5,81,A5,1.5,0,90,1.0,violin1,None,note,0
357.5,358.0,80,G#5,0.5,0,90,2.5,violin1,None,note,0
358.0,358.75,83,B5,0.75,0,90,3.0,violin1,None,note,0
358.75,359.0,81,A5,0.25,0,90,3.75,violin1,None,note,0
359.0,359.75,86,D6,0.75,0,90,4.0,violin1,None,note,0
359.75,360.0,84,C6,0.25,0,90,4.75,violin1,None,note,0
360.0,361.5,83,B5,1.5,0,91,1.0,violin1,None,note,0
361.5,362.0,82,A#5,0.5,0,91,2.5,violin1,None,note,0
362.0,362.75,84,C6,0.75,0,91,3.0,violin1,None,note,0
362.75,363.0,83,B5,0.25,0,91,3.75,violin1,None,note,0
363.0,363.75,88,E6,0.75,0,91,4.0,violin1,None,note,0
363.75,364.0,86,D6,0.25,0,91,4.75,violin1,None,note,0
364.0,364.25,84,C6,0.25,0,92,1.0,violin1,None,note,0
364.25,364.5,86,D6,0.25,0,92,1.25,violin1,None,note,0
364.5,364.75,88,E6,0.25,0,92,1.5,violin1,None,note,0
364.75,365.0,86,D6,0.25,0,92,1.75,violin1,None,note,0
365.0,365.5,84,C6,0.5,0,92,2.0,violin1,None,note,0
365.5,366.0,84,C6,0.5,0,92,2.5,violin1,None,note,0
366.0,366.25,83,B5,0.25,0,92,3.0,violin1,None,note,0
366.25,366.5,84,C6,0.25,0,92,3.25,violin1,None,note,0
366.5,366.75,86,D6,0.25,0,92,3.5,violin1,None,note,0
366.75,367.0,84,C6,0.25,0,92,3.75,violin1,None,note,0
367.0,367.5,83,B5,0.5,0,92,4.0,violin1,None,note,0
367.5,368.0,83,B5,0.5,0,92,4.5,violin1,None,note,0
368.0,369.5,81,A5,1.5,0,93,1.0,violin1,None,note,0
369.5,369.75,83,B5,0.25,0,93,2.5,violin1,None,note,0
369.75,370.0,84,C6,0.25,0,93,2.75,violin1,None,note,0
370.0,371.5,74,D5,1.5,0,93,3.0,violin1,None,note,0
371.5,371.75,76,E5,0.25,0,93,4.5,violin1,None,note,0
371.75,372.0,78,F#5,0.25,0,93,4.75,violin1,None,note,0
372.0,372.5,79,G5,0.5,0,94,1.0,violin1,None,note,0
372.5,373.5,79,G5,1.0,0,94,1.5,violin1,None,note,0
373.5,374.5,79,G5,1.0,0,94,2.5,violin1,None,note,0
374.5,375.5,79,G5,1.0,0,94,3.5,violin1,None,note,0
375.5,376.5,79,G5,1.0,0,94,4.5,violin1,<music21.tie.Tie start>,note,1
376.5,377.5,79,G5,1.0,0,95,1.5,violin1,None,note,0
377.5,378.5,79,G5,1.0,0,95,2.5,violin1,None,note,0
378.5,379.5,79,G5,1.0,0,95,3.5,violin1,None,note,0
379.5,380.5,79,G5,1.0,0,95,4.5,violin1,<music21.tie.Tie start>,note,1
380.5,381.5,79,G5,1.0,0,96,1.5,violin1,None,note,0
381.5,382.5,79,G5,1.0,0,96,2.5,violin1,None,note,0
382.5,383.5,79,G5,1.0,0,96,3.5,violin1,None,note,0
383.5,384.0,79,G5,0.5,0,96,4.5,violin1,None,note,0
384.0,385.0,79,G5,1.0,0,97,1.0,violin1,None,note,0
385.0,386.0,80,G#5,1.0,0,97,2.0,violin1,None,note,0
386.0,387.0,81,A5,1.0,0,97,3.0,violin1,None,note,0
387.0,388.0,83,B5,1.0,0,97,4.0,violin1,None,note,0
388.0,388.5,84,C6,0.5,0,98,1.0,violin1,None,note,0
388.5,389.5,84,C6,1.0,0,98,1.5,violin1,None,note,0
389.5,390.5,84,C6,1.0,0,98,2.5,violin1,None,note,0
390.5,391.5,84,C6,1.0,0,98,3.5,violin1,None,note,0
391.5,392.5,84,C6,1.0,0,98,4.5,violin1,<music21.tie.Tie start>,note,1
392.5,393.0,81,A5,0.5,0,99,1.5,violin1,None,note,0
393.0,393.5,78,F#5,0.5,0,99,2.0,violin1,None,note,0
393.5,394.0,74,D5,0.5,0,99,2.5,violin1,None,note,0
394.0,394.5,72,C5,0.5,0,99,3.0,violin1,None,note,0
394.5,395.0,69,A4,0.5,0,99,3.5,violin1,None,note,0
395.0,395.5,66,F#4,0.5,0,99,4.0,violin1,None,note,0
395.5,396.0,62,D4,0.5,0,99,4.5,violin1,None,note,0
396.0,397.0,60,C4,1.0,0,100,1.0,violin1,None,note,0
401.5,402.0,74,D5,0.5,0,101,2.5,violin1,None,note,0
402.0,403.0,83,B5,1.0,0,101,3.0,violin1,None,note,0
403.0,403.5,83,B5,0.5,0,101,4.0,violin1,None,note,0
403.5,404.0,83,B5,0.5,0,101,4.5,violin1,None,note,0
404.0,404.5,83,B5,0.5,0,102,1.0,violin1,None,note,0
404.5,405.0,81,A5,0.5,0,102,1.5,violin1,None,note,0
405.0,405.5,81,A5,0.5,0,102,2.0,violin1,None,note,0
405.5,406.0,81,A5,0.5,0,102,2.5,violin1,None,note,0
406.0,406.0,83,B5,0.0,0,102,3.0,violin1,None,note,0
406.0,406.5,81,A5,0.5,0,102,3.0,violin1,None,note,0
406.5,407.0,79,G5,0.5,0,102,3.5,violin1,None,note,0
407.0,407.5,81,A5,0.5,0,102,4.0,violin1,None,note,0
407.5,408.0,83,B5,0.5,0,102,4.5,violin1,None,note,0
408.0,409.0,79,G5,1.0,0,103,1.0,violin1,None,note,0
409.0,409.5,74,D5,0.5,0,103,2.0,violin1,None,note,0
409.5,410.0,74,D5,0.5,0,103,2.5,violin1,None,note,0
410.0,410.5,74,D5,0.5,0,103,3.0,violin1,None,note,0
410.5,411.0,83,B5,0.5,0,103,3.5,violin1,None,note,0
411.0,411.5,83,B5,0.5,0,103,4.0,violin1,None,note,0
411.5,412.0,83,B5,0.5,0,103,4.5,violin1,None,note,0
412.0,412.5,83,B5,0.5,0,104,1.0,violin1,None,note,0
412.5,413.0,81,A5,0.5,0,104,1.5,violin1,None,note,0
413.0,413.5,81,A5,0.5,0,104,2.0,violin1,None,note,0
413.5,414.0,81,A5,0.5,0,104,2.5,violin1,None,note,0
414.0,414.0,83,B5,0.0,0,104,3.0,violin1,None,note,0
414.0,414.5,81,A5,0.5,0,104,3.0,violin1,None,note,0
414.5,415.0,79,G5,0.5,0,104,3.5,violin1,None,note,0
415.0,415.5,81,A5,0.5,0,104,4.0,violin1,None,note,0
415.5,416.0,83,B5,0.5,0,104,4.5,violin1,None,note,0
416.0,417.0,79,G5,1.0,0,105,1.0,violin1,None,note,0
417.0,417.5,86,D6,0.5,0,105,2.0,violin1,None,note,0
417.5,418.0,74,D5,0.5,0,105,2.5,violin1,None,note,0
418.0,418.5,74,D5,0.5,0,105,3.0,violin1,None,note,0
418.5,419.0,83,B5,0.5,0,105,3.5,violin1,None,note,0
419.0,419.5,83,B5,0.5,0,105,4.0,violin1,None,note,0
419.5,420.0,83,B5,0.5,0,105,4.5,violin1,None,note,0
420.0,420.5,83,B5,0.5,0,106,1.0,violin1,None,note,0
420.5,421.0,81,A5,0.5,0,106,1.5,violin1,None,note,0
421.0,421.5,81,A5,0.5,0,106,2.0,violin1,None,note,0
421.5,422.0,81,A5,0.5,0,106,2.5,violin1,None,note,0
422.0,422.0,83,B5,0.0,0,106,3.0,violin1,None,note,0
422.0,422.5,81,A5,0.5,0,106,3.0,violin1,None,note,0
422.5,423.0,79,G5,0.5,0,106,3.5,violin1,None,note,0
423.0,423.5,81,A5,0.5,0,106,4.0,violin1,None,note,0
423.5,424.0,83,B5,0.5,0,106,4.5,violin1,None,note,0
424.0,425.5,79,G5,1.5,0,107,1.0,violin1,None,note,0
425.5,426.0,83,B5,0.5,0,107,2.5,violin1,None,note,0
426.0,427.5,76,E5,1.5,0,107,3.0,violin1,None,note,0
427.5,428.0,84,C6,0.5,0,107,4.5,violin1,None,note,0
428.0,428.5,81,A5,0.5,0,108,1.0,violin1,None,note,0
428.5,429.0,88,E6,0.5,0,108,1.5,violin1,None,note,0
429.0,429.5,84,C6,0.5,0,108,2.0,violin1,None,note,0
429.5,430.0,81,A5,0.5,0,108,2.5,violin1,None,note,0
430.0,430.5,78,F#5,0.5,0,108,3.0,violin1,None,note,0
430.5,431.0,79,G5,0.5,0,108,3.5,violin1,None,note,0
431.0,431.5,81,A5,0.5,0,108,4.0,violin1,None,note,0
431.5,432.0,83,B5,0.5,0,108,4.5,violin1,None,note,0
432.0,433.5,79,G5,1.5,0,109,1.0,violin1,None,note,0
433.5,434.0,83,B5,0.5,0,109,2.5,violin1,None,note,0
434.0,435.5,76,E5,1.5,0,109,3.0,violin1,None,note,0
435.5,436.0,84,C6,0.5,0,109,4.5,violin1,None,note,0
436.0,436.5,81,A5,0.5,0,110,1.0,violin1,None,note,0
436.5,437.0,88,E6,0.5,0,110,1.5,violin1,None,note,0
437.0,437.5,84,C6,0.5,0,110,2.0,violin1,None,note,0
437.5,438.0,81,A5,0.5,0,110,2.5,violin1,None,note,0
438.0,438.5,78,F#5,0.5,0,110,3.0,violin1,None,note,0
438.5,439.0,79,G5,0.5,0,110,3.5,violin1,None,note,0
439.0,439.5,81,A5,0.5,0,110,4.0,violin1,None,note,0
439.5,440.0,83,B5,0.5,0,110,4.5,violin1,None,note,0
440.0,440.5,79,G5,0.5,0,111,1.0,violin1,None,note,0
441.0,441.25,86,D6,0.25,0,111,2.0,violin1,None,note,0
441.25,441.5,86,D6,0.25,0,111,2.25,violin1,None,note,0
441.5,441.75,85,C#6,0.25,0,111,2.5,violin1,None,note,0
441.75,442.0,85,C#6,0.25,0,111,2.75,violin1,None,note,0
442.0,442.25,86,D6,0.25,0,111,3.0,violin1,None,note,0
442.25,442.5,86,D6,0.25,0,111,3.25,violin1,None,note,0
442.5,442.75,85,C#6,0.25,0,111,3.5,violin1,None,note,0
442.75,443.0,85,C#6,0.25,0,111,3.75,violin1,None,note,0
443.0,443.25,86,D6,0.25,0,111,4.0,violin1,None,note,0
443.25,443.5,86,D6,0.25,0,111,4.25,violin1,None,note,0
443.5,443.75,83,B5,0.25,0,111,4.5,violin1,None,note,0
443.75,444.0,83,B5,0.25,0,111,4.75,violin1,None,note,0
444.0,444.5,84,C6,0.5,0,112,1.0,violin1,None,note,0
445.0,445.25,84,C6,0.25,0,112,2.0,violin1,None,note,0
445.25,445.5,84,C6,0.25,0,112,2.25,violin1,None,note,0
445.5,445.75,83,B5,0.25,0,112,2.5,violin1,None,note,0
445.75,446.0,83,B5,0.25,0,112,2.75,violin1,None,note,0
446.0,446.25,84,C6,0.25,0,112,3.0,violin1,None,note,0
446.25,446.5,84,C6,0.25,0,112,3.25,violin1,None,note,0
446.5,446.75,83,B5,0.25,0,112,3.5,violin1,None,note,0
446.75,447.0,83,B5,0.25,0,112,3.75,violin1,None,note,0
447.0,447.25,84,C6,0.25,0,112,4.0,violin1,None,note,0
447.25,447.5,84,C6,0.25,0,112,4.25,violin1,None,note,0
447.5,447.75,81,A5,0.25,0,112,4.5,violin1,None,note,0
447.75,448.0,81,A5,0.25,0,112,4.75,violin1,None,note,0
448.0,448.5,83,B5,0.5,0,113,1.0,violin1,None,note,0
449.0,449.5,79,G5,0.5,0,113,2.0,violin1,None,note,0
449.5,449.75,78,F#5,0.25,0,113,2.5,violin1,None,note,0
449.75,450.0,79,G5,0.25,0,113,2.75,violin1,None,note,0
450.0,450.5,81,A5,0.5,0,113,3.0,violin1,None,note,0
450.5,451.0,81,A5,0.5,0,113,3.5,violin1,None,note,0
451.0,451.5,78,F#5,0.5,0,113,4.0,violin1,None,note,0
451.5,452.0,78,F#5,0.5,0,113,4.5,violin1,None,note,0
452.0,452.5,79,G5,0.5,0,114,1.0,violin1,None,note,0
453.0,453.25,86,D6,0.25,0,114,2.0,violin1,None,note,0
453.25,453.5,86,D6,0.25,0,114,2.25,violin1,None,note,0
453.5,453.75,85,C#6,0.25,0,114,2.5,violin1,None,note,0
453.75,454.0,85,C#6,0.25,0,114,2.75,violin1,None,note,0
454.0,454.25,86,D6,0.25,0,114,3.0,violin1,None,note,0
454.25,454.5,86,D6,0.25,0,114,3.25,violin1,None,note,0
454.5,454.75,85,C#6,0.25,0,114,3.5,violin1,None,note,0
454.75,455.0,85,C#6,0.25,0,114,3.75,violin1,None,note,0
455.0,455.25,86,D6,0.25,0,114,4.0,violin1,None,note,0
455.25,455.5,86,D6,0.25,0,114,4.25,violin1,None,note,0
455.5,455.75,83,B5,0.25,0,114,4.5,violin1,None,note,0
455.75,456.0,83,B5,0.25,0,114,4.75,violin1,None,note,0
456.0,456.5,84,C6,0.5,0,115,1.0,violin1,None,note,0
457.0,457.25,84,C6,0.25,0,115,2.0,violin1,None,note,0
457.25,457.5,84,C6,0.25,0,115,2.25,violin1,None,note,0
457.5,457.75,83,B5,0.25,0,115,2.5,violin1,None,note,0
457.75,458.0,83,B5,0.25,0,115,2.75,violin1,None,note,0
458.0,458.25,84,C6,0.25,0,115,3.0,violin1,None,note,0
458.25,458.5,84,C6,0.25,0,115,3.25,violin1,None,note,0
458.5,458.75,83,B5,0.25,0,115,3.5,violin1,None,note,0
458.75,459.0,83,B5,0.25,0,115,3.75,violin1,None,note,0
459.0,459.25,84,C6,0.25,0,115,4.0,violin1,None,note,0
459.25,459.5,84,C6,0.25,0,115,4.25,violin1,None,note,0
459.5,459.75,81,A5,0.25,0,115,4.5,violin1,None,note,0
459.75,460.0,81,A5,0.25,0,115,4.75,violin1,None,note,0
460.0,460.5,83,B5,0.5,0,116,1.0,violin1,None,note,0
461.0,461.5,79,G5,0.5,0,116,2.0,violin1,None,note,0
461.5,461.75,78,F#5,0.25,0,116,2.5,violin1,None,note,0
461.75,462.0,79,G5,0.25,0,116,2.75,violin1,None,note,0
462.0,462.5,81,A5,0.5,0,116,3.0,violin1,None,note,0
462.5,463.0,81,A5,0.5,0,116,3.5,violin1,None,note,0
463.0,463.5,78,F#5,0.5,0,116,4.0,violin1,None,note,0
463.5,464.0,78,F#5,0.5,0,116,4.5,violin1,None,note,0
464.0,465.0,79,G5,1.0,0,117,1.0,violin1,None,note,0
465.5,465.625,84,C6,0.125,0,117,2.5,violin1,None,note,0
465.625,465.75,83,B5,0.125,0,117,2.625,violin1,None,note,0
465.75,465.875,81,A5,0.125,0,117,2.75,violin1,None,note,0
465.875,466.0,79,G5,0.125,0,117,2.875,violin1,None,note,0
466.0,467.0,78,F#5,1.0,0,117,3.0,violin1,None,note,0
467.5,467.625,86,D6,0.125,0,117,4.5,violin1,None,note,0
467.625,467.75,84,C6,0.125,0,117,4.625,violin1,None,note,0
467.75,467.875,83,B5,0.125,0,117,4.75,violin1,None,note,0
467.875,468.0,81,A5,0.125,0,117,4.875,violin1,None,note,0
468.0,469.0,83,B5,1.0,0,118,1.0,violin1,None,note,0
469.5,469.625,84,C6,0.125,0,118,2.5,violin1,None,note,0
469.625,469.75,83,B5,0.125,0,118,2.625,violin1,None,note,0
469.75,469.875,81,A5,0.125,0,118,2.75,violin1,None,note,0
469.875,470.0,79,G5,0.125,0,118,2.875,violin1,None,note,0
470.0,471.0,78,F#5,1.0,0,118,3.0,violin1,None,note,0
471.5,471.625,86,D6,0.125,0,118,4.5,violin1,None,note,0
471.625,471.75,84,C6,0.125,0,118,4.625,violin1,None,note,0
471.75,471.875,83,B5,0.125,0,118,4.75,violin1,None,note,0
471.875,472.0,81,A5,0.125,0,118,4.875,violin1,None,note,0
472.0,473.0,83,B5,1.0,0,119,1.0,violin1,None,note,0
473.5,473.625,84,C6,0.125,0,119,2.5,violin1,None,note,0
473.625,473.75,83,B5,0.125,0,119,2.625,violin1,None,note,0
473.75,473.875,81,A5,0.125,0,119,2.75,violin1,None,note,0
473.875,474.0,79,G5,0.125,0,119,2.875,violin1,None,note,0
474.0,475.0,78,F#5,1.0,0,119,3.0,violin1,None,note,0
475.5,475.625,86,D6,0.125,0,119,4.5,violin1,None,note,0
475.625,475.75,84,C6,0.125,0,119,4.625,violin1,None,note,0
475.75,475.875,83,B5,0.125,0,119,4.75,violin1,None,note,0
475.875,476.0,81,A5,0.125,0,119,4.875,violin1,None,note,0
476.0,477.0,79,G5,1.0,0,120,1.0,violin1,None,note,0
477.0,478.0,62,D4,1.0,0,120,2.0,violin1,None,chord,0
477.0,478.0,74,D5,1.0,0,120,2.0,violin1,None,chord,0
477.0,478.0,83,B5,1.0,0,120,2.0,violin1,None,chord,0
478.0,479.0,62,D4,1.0,0,120,3.0,violin1,None,chord,0
478.0,479.0,71,B4,1.0,0,120,3.0,violin1,None,chord,0
478.0,479.0,79,G5,1.0,0,120,3.0,violin1,None,chord,0
480.0,481.0,60,C4,1.0,0,121,1.0,violin1,None,note,0
481.5,481.6666666666667,55,G3,0.16666666666666666,0,121,2.5,violin1,None,note,0
481.6666666666667,481.83333333333337,57,A3,0.16666666666666666,0,121,2.6666666666666665,violin1,None,note,0
481.8333333333333,482.0,59,B3,0.16666666666666666,0,121,2.8333333333333335,violin1,None,note,0
482.0,483.0,60,C4,1.0,0,121,3.0,violin1,None,note,0
483.5,483.6666666666667,55,G3,0.16666666666666666,0,121,4.5,violin1,None,note,0
483.6666666666667,483.83333333333337,57,A3,0.16666666666666666,0,121,4.666666666666667,violin1,None,note,0
483.8333333333333,484.0,59,B3,0.16666666666666666,0,121,4.833333333333333,violin1,None,note,0
484.0,485.0,60,C4,1.0,0,122,1.0,violin1,None,note,0
487.5,488.0,72,C5,0.5,0,122,4.5,violin1,None,note,0
488.0,489.5,72,C5,1.5,0,123,1.0,violin1,None,note,0
489.5,490.0,71,B4,0.5,0,123,2.5,violin1,None,note,0
490.0,491.5,74,D5,1.5,0,123,3.0,violin1,None,note,0
491.5,492.0,72,C5,0.5,0,123,4.5,violin1,None,note,0
492.0,494.0,79,G5,2.0,0,124,1.0,violin1,None,note,0
494.0,495.0,77,F5,1.0,0,124,3.0,violin1,None,note,0
496.0,497.0,55,G3,1.0,0,125,1.0,violin1,None,chord,0
496.0,497.0,67,G4,1.0,0,125,1.0,violin1,None,chord,0
497.5,497.6666666666667,62,D4,0.16666666666666666,0,125,2.5,violin1,None,note,0
497.6666666666667,497.83333333333337,64,E4,0.16666666666666666,0,125,2.6666666666666665,violin1,None,note,0
497.8333333333333,498.0,66,F#4,0.16666666666666666,0,125,2.8333333333333335,violin1,None,note,0
498.0,499.0,67,G4,1.0,0,125,3.0,violin1,None,note,0
499.5,499.6666666666667,62,D4,0.16666666666666666,0,125,4.5,violin1,None,note,0
499.6666666666667,499.83333333333337,64,E4,0.16666666666666666,0,125,4.666666666666667,violin1,None,note,0
499.8333333333333,500.0,66,F#4,0.16666666666666666,0,125,4.833333333333333,violin1,None,note,0
500.0,501.0,67,G4,1.0,0,126,1.0,violin1,None,note,0
503.5,504.0,74,D5,0.5,0,126,4.5,violin1,None,note,0
504.0,505.5,74,D5,1.5,0,127,1.0,violin1,None,note,0
505.5,506.0,72,C5,0.5,0,127,2.5,violin1,None,note,0
506.0,507.5,79,G5,1.5,0,127,3.0,violin1,None,note,0
507.5,508.0,77,F5,0.5,0,127,4.5,violin1,None,note,0
508.0,510.0,81,A5,2.0,0,128,1.0,violin1,None,note,0
510.0,511.0,79,G5,1.0,0,128,3.0,violin1,None,note,0
512.0,513.0,67,G4,1.0,0,129,1.0,violin1,None,chord,0
512.0,513.0,76,E5,1.0,0,129,1.0,violin1,None,chord,0
512.0,513.0,84,C6,1.0,0,129,1.0,violin1,None,chord,0
515.0,516.0,67,G4,1.0,0,129,4.0,violin1,None,chord,0
515.0,516.0,76,E5,1.0,0,129,4.0,violin1,None,chord,0
515.0,516.0,84,C6,1.0,0,129,4.0,violin1,None,chord,0
516.0,517.0,65,F4,1.0,0,130,1.0,violin1,None,chord,0
516.0,517.0,72,C5,1.0,0,130,1.0,violin1,None,chord,0
516.0,517.0,81,A5,1.0,0,130,1.0,violin1,None,chord,0
519.0,520.0,69,A4,1.0,0,130,4.0,violin1,None,chord,0
519.0,520.0,77,F5,1.0,0,130,4.0,violin1,None,chord,0
520.0,521.0,59,B3,1.0,0,131,1.0,violin1,None,chord,0
520.0,521.0,67,G4,1.0,0,131,1.0,violin1,None,chord,0
520.0,521.0,74,D5,1.0,0,131,1.0,violin1,None,chord,0
523.0,524.0,62,D4,1.0,0,131,4.0,violin1,None,chord,0
523.0,524.0,71,B4,1.0,0,131,4.0,violin1,None,chord,0
523.0,524.0,79,G5,1.0,0,131,4.0,violin1,None,chord,0
524.0,525.0,64,E4,1.0,0,132,1.0,violin1,None,chord,0
524.0,525.0,72,C5,1.0,0,132,1.0,violin1,None,chord,0
524.0,525.0,76,E5,1.0,0,132,1.0,violin1,None,chord,0
527.0,528.0,67,G4,1.0,0,132,4.0,violin1,None,chord,0
527.0,528.0,76,E5,1.0,0,132,4.0,violin1,None,chord,0
527.0,528.0,84,C6,1.0,0,132,4.0,violin1,None,chord,0
528.0,529.0,65,F4,1.0,0,133,1.0,violin1,None,chord,0
528.0,529.0,72,C5,1.0,0,133,1.0,violin1,None,chord,0
528.0,529.0,81,A5,1.0,0,133,1.0,violin1,None,chord,0
531.0,532.0,69,A4,1.0,0,133,4.0,violin1,None,chord,0
531.0,532.0,77,F5,1.0,0,133,4.0,violin1,None,chord,0
532.0,533.0,59,B3,1.0,0,134,1.0,violin1,None,chord,0
532.0,533.0,67,G4,1.0,0,134,1.0,violin1,None,chord,0
532.0,533.0,74,D5,1.0,0,134,1.0,violin1,None,chord,0
535.0,536.0,62,D4,1.0,0,134,4.0,violin1,None,chord,0
535.0,536.0,71,B4,1.0,0,134,4.0,violin1,None,chord,0
535.0,536.0,79,G5,1.0,0,134,4.0,violin1,None,chord,0
536.0,537.0,72,C5,1.0,0,135,1.0,violin1,None,chord,0
536.0,537.0,76,E5,1.0,0,135,1.0,violin1,None,chord,0
537.0,538.0,67,G4,1.0,0,135,2.0,violin1,None,chord,0
537.0,538.0,76,E5,1.0,0,135,2.0,violin1,None,chord,0
537.0,538.0,84,C6,1.0,0,135,2.0,violin1,None,chord,0
539.0,540.0,67,G4,1.0,0,135,4.0,violin1,None,chord,0
539.0,540.0,74,D5,1.0,0,135,4.0,violin1,None,chord,0
539.0,540.0,83,B5,1.0,0,135,4.0,violin1,None,chord,0
541.0,542.0,67,G4,1.0,0,136,2.0,violin1,None,chord,0
541.0,542.0,76,E5,1.0,0,136,2.0,violin1,None,chord,0
541.0,542.0,84,C6,1.0,0,136,2.0,violin1,None,chord,0
543.0,544.0,67,G4,1.0,0,136,4.0,violin1,None,chord,0
543.0,544.0,74,D5,1.0,0,136,4.0,violin1,None,chord,0
543.0,544.0,83,B5,1.0,0,136,4.0,violin1,None,chord,0
544.0,545.0,67,G4,1.0,0,137,1.0,violin1,None,chord,0
544.0,545.0,76,E5,1.0,0,137,1.0,violin1,None,chord,0
544.0,545.0,84,C6,1.0,0,137,1.0,violin1,None,chord,0
545.0,546.0,79,G5,1.0,0,137,2.0,violin1,None,note,0
546.0,547.0,84,C6,1.0,0,137,3.0,violin1,None,note,0
547.0,548.0,79,G5,1.0,0,137,4.0,violin1,None,note,0
548.0,549.0,84,C6,1.0,0,138,1.0,violin1,None,note,0
549.0,550.0,79,G5,1.0,0,138,2.0,violin1,None,note,0
550.0,551.0,76,E5,1.0,0,138,3.0,violin1,None,note,0
551.0,552.0,72,C5,1.0,0,138,4.0,violin1,None,note,0
552.0,553.0,67,G4,1.0,0,139,1.0,violin1,None,note,0
553.5,554.0,83,B5,0.5,0,139,2.5,violin1,None,note,0
554.0,555.0,84,C6,1.0,0,139,3.0,violin1,None,note,0
555.5,556.0,84,C6,0.5,0,139,4.5,violin1,None,note,0
556.0,557.0,83,B5,1.0,0,140,1.0,violin1,None,note,0
557.5,558.0,83,B5,0.5,0,140,2.5,violin1,None,note,0
558.0,559.0,84,C6,1.0,0,140,3.0,violin1,None,note,0
559.5,560.0,84,C6,0.5,0,140,4.5,violin1,None,note,0
560.0,560.5,83,B5,0.5,0,141,1.0,violin1,None,note,0
560.5,561.0,84,C6,0.5,0,141,1.5,violin1,None,note,0
561.0,561.5,83,B5,0.5,0,141,2.0,violin1,None,note,0
561.5,562.0,84,C6,0.5,0,141,2.5,violin1,None,note,0
562.0,562.5,83,B5,0.5,0,141,3.0,violin1,None,note,0
562.5,563.0,84,C6,0.5,0,141,3.5,violin1,None,note,0
563.0,563.5,83,B5,0.5,0,141,4.0,violin1,None,note,0
563.5,564.0,84,C6,0.5,0,141,4.5,violin1,None,note,0
564.0,565.0,83,B5,1.0,0,142,1.0,violin1,None,note,0
565.0,566.0,62,D4,1.0,0,142,2.0,violin1,None,chord,0
565.0,566.0,71,B4,1.0,0,142,2.0,violin1,None,chord,0
565.0,566.0,79,G5,1.0,0,142,2.0,violin1,None,chord,0
566.0,567.0,55,G3,1.0,0,142,3.0,violin1,None,chord,0
566.0,567.0,67,G4,1.0,0,142,3.0,violin1,None,chord,0
567.0,568.0,55,G3,1.0,0,142,4.0,violin1,None,chord,0
567.0,568.0,67,G4,1.0,0,142,4.0,violin1,None,chord,0
568.0,572.0,55,G3,4.0,0,143,1.0,violin1,None,chord,0
568.0,572.0,67,G4,4.0,0,143,1.0,violin1,None,chord,0
572.0,573.0,60,C4,1.0,0,144,1.0,violin1,None,note,0
573.5,573.6666666666666,55,G3,0.16666666666666666,0,144,2.5,violin1,None,note,0
573.6666666666666,573.8333333333333,57,A3,0.16666666666666666,0,144,2.6666666666666665,violin1,None,note,0
573.8333333333334,574.0,59,B3,0.16666666666666666,0,144,2.8333333333333335,violin1,None,note,0
574.0,575.0,60,C4,1.0,0,144,3.0,violin1,None,note,0
575.5,575.6666666666666,55,G3,0.16666666666666666,0,144,4.5,violin1,None,note,0
575.6666666666666,575.8333333333333,57,A3,0.16666666666666666,0,144,4.666666666666667,violin1,None,note,0
575.8333333333334,576.0,59,B3,0.16666666666666666,0,144,4.833333333333333,violin1,None,note,0
576.0,577.0,60,C4,1.0,0,145,1.0,violin1,None,note,0
579.5,580.0,72,C5,0.5,0,145,4.5,violin1,None,note,0
580.0,581.5,72,C5,1.5,0,146,1.0,violin1,None,note,0
581.5,582.0,71,B4,0.5,0,146,2.5,violin1,None,note,0
582.0,583.5,74,D5,1.5,0,146,3.0,violin1,None,note,0
583.5,584.0,72,C5,0.5,0,146,4.5,violin1,None,note,0
584.0,586.0,79,G5,2.0,0,147,1.0,violin1,None,note,0
586.0,587.0,77,F5,1.0,0,147,3.0,violin1,None,note,0
588.0,589.0,67,G4,1.0,0,148,1.0,violin1,None,note,0
589.5,589.6666666666666,62,D4,0.16666666666666666,0,148,2.5,violin1,None,note,0
589.6666666666666,589.8333333333333,64,E4,0.16666666666666666,0,148,2.6666666666666665,violin1,None,note,0
589.8333333333334,590.0,66,F#4,0.16666666666666666,0,148,2.8333333333333335,violin1,None,note,0
590.0,591.0,67,G4,1.0,0,148,3.0,violin1,None,note,0
591.5,591.6666666666666,62,D4,0.16666666666666666,0,148,4.5,violin1,None,note,0
591.6666666666666,591.8333333333333,64,E4,0.16666666666666666,0,148,4.666666666666667,violin1,None,note,0
591.8333333333334,592.0,66,F#4,0.16666666666666666,0,148,4.833333333333333,violin1,None,note,0
592.0,593.0,67,G4,1.0,0,149,1.0,violin1,None,note,0
595.5,596.0,74,D5,0.5,0,149,4.5,violin1,None,note,0
596.0,597.5,74,D5,1.5,0,150,1.0,violin1,None,note,0
597.5,598.0,73,C#5,0.5,0,150,2.5,violin1,None,note,0
598.0,599.5,76,E5,1.5,0,150,3.0,violin1,None,note,0
599.5,600.0,74,D5,0.5,0,150,4.5,violin1,None,note,0
600.0,602.0,82,B-5,2.0,0,151,1.0,violin1,None,note,0
602.0,602.5,81,A5,0.5,0,151,3.0,violin1,None,note,0
603.0,603.5,76,E5,0.5,0,151,4.0,violin1,None,note,0
604.0,606.0,79,G5,2.0,0,152,1.0,violin1,None,note,0
606.0,606.5,78,F#5,0.5,0,152,3.0,violin1,None,note,0
607.0,607.5,74,D5,0.5,0,152,4.0,violin1,None,note,0
608.0,610.0,80,A-5,2.0,0,153,1.0,violin1,None,note,0
610.0,610.5,79,G5,0.5,0,153,3.0,violin1,None,note,0
611.0,611.5,74,D5,0.5,0,153,4.0,violin1,None,note,0
612.0,614.0,77,F5,2.0,0,154,1.0,violin1,None,note,0
614.0,614.5,76,E5,0.5,0,154,3.0,violin1,None,note,0
615.0,615.5,72,C5,0.5,0,154,4.0,violin1,None,note,0
616.0,617.0,79,G5,1.0,0,155,1.0,violin1,None,note,0
617.0,619.0,77,F5,2.0,0,155,2.0,violin1,None,note,0
619.0,621.0,76,E5,2.0,0,155,4.0,violin1,<music21.tie.Tie start>,note,1
621.0,622.0,74,D5,1.0,0,156,2.0,violin1,None,note,0
622.0,623.0,81,A5,1.0,0,156,3.0,violin1,None,note,0
623.0,624.0,72,C5,1.0,0,156,4.0,violin1,None,note,0
624.0,625.0,62,D4,1.0,0,157,1.0,violin1,None,chord,0
624.0,625.0,71,B4,1.0,0,157,1.0,violin1,None,chord,0
624.0,625.0,79,G5,1.0,0,157,1.0,violin1,None,chord,0
625.5,625.6666666666666,62,D4,0.16666666666666666,0,157,2.5,violin1,None,note,0
625.6666666666666,625.8333333333333,64,E4,0.16666666666666666,0,157,2.6666666666666665,violin1,None,note,0
625.8333333333334,626.0,66,F#4,0.16666666666666666,0,157,2.8333333333333335,violin1,None,note,0
626.0,627.0,67,G4,1.0,0,157,3.0,violin1,None,note,0
627.5,627.6666666666666,62,D4,0.16666666666666666,0,157,4.5,violin1,None,note,0
627.6666666666666,627.8333333333333,64,E4,0.16666666666666666,0,157,4.666666666666667,violin1,None,note,0
627.8333333333334,628.0,66,F#4,0.16666666666666666,0,157,4.833333333333333,violin1,None,note,0
628.0,629.0,67,G4,1.0,0,158,1.0,violin1,None,note,0
631.5,632.0,79,G5,0.5,0,158,4.5,violin1,None,note,0
632.0,633.5,81,A5,1.5,0,159,1.0,violin1,None,note,0
633.5,634.0,79,G5,0.5,0,159,2.5,violin1,None,note,0
634.0,635.5,83,B5,1.5,0,159,3.0,violin1,None,note,0
635.5,636.0,81,A5,0.5,0,159,4.5,violin1,None,note,0
636.0,638.0,84,C6,2.0,0,160,1.0,violin1,None,note,0
638.0,639.0,83,B5,1.0,0,160,3.0,violin1,None,note,0
639.5,640.0,80,G#5,0.5,0,160,4.5,violin1,None,note,0
640.0,641.5,83,B5,1.5,0,161,1.0,violin1,None,note,0
641.5,642.0,81,A5,0.5,0,161,2.5,violin1,None,note,0
642.0,643.5,84,C6,1.5,0,161,3.0,violin1,None,note,0
643.5,644.0,83,B5,0.5,0,161,4.5,violin1,None,note,0
644.0,646.0,86,D6,2.0,0,162,1.0,violin1,None,note,0
646.0,647.0,84,C6,1.0,0,162,3.0,violin1,None,note,0
647.5,648.0,82,A#5,0.5,0,162,4.5,violin1,None,note,0
648.0,649.5,84,C6,1.5,0,163,1.0,violin1,None,note,0
649.5,650.0,83,B5,0.5,0,163,2.5,violin1,None,note,0
650.0,651.5,86,D6,1.5,0,163,3.0,violin1,None,note,0
651.5,652.0,85,C#6,0.5,0,163,4.5,violin1,None,note,0
652.0,654.0,88,E6,2.0,0,164,1.0,violin1,None,note,0
654.0,655.0,86,D6,1.0,0,164,3.0,violin1,None,note,0
655.5,656.0,83,B5,0.5,0,164,4.5,violin1,None,note,0
656.0,658.0,86,D6,2.0,0,165,1.0,violin1,None,note,0
658.0,659.0,84,C6,1.0,0,165,3.0,violin1,None,note,0
659.5,660.0,82,A#5,0.5,0,165,4.5,violin1,None,note,0
660.0,662.0,84,C6,2.0,0,166,1.0,violin1,None,note,0
662.0,663.0,83,B5,1.0,0,166,3.0,violin1,None,note,0
663.5,664.0,83,B5,0.5,0,166,4.5,violin1,None,note,0
664.0,665.0,81,A5,1.0,0,167,1.0,violin1,None,note,0
665.0,666.0,80,G#5,1.0,0,167,2.0,violin1,None,note,0
666.0,667.0,81,A5,1.0,0,167,3.0,violin1,None,note,0
667.0,668.0,80,G#5,1.0,0,167,4.0,violin1,None,note,0
668.0,669.0,81,A5,1.0,0,168,1.0,violin1,None,note,0
669.0,670.0,84,C6,1.0,0,168,2.0,violin1,None,note,0
670.0,671.0,81,A5,1.0,0,168,3.0,violin1,None,note,0
671.0,672.0,79,G5,1.0,0,168,4.0,violin1,None,note,0
672.0,673.0,78,F#5,1.0,0,169,1.0,violin1,None,note,0
675.0,676.0,62,D4,1.0,0,169,4.0,violin1,None,chord,0
675.0,676.0,74,D5,1.0,0,169,4.0,violin1,None,chord,0
675.0,676.0,81,A5,1.0,0,169,4.0,violin1,None,chord,0
676.0,677.0,62,D4,1.0,0,170,1.0,violin1,None,chord,0
676.0,677.0,74,D5,1.0,0,170,1.0,violin1,None,chord,0
676.0,677.0,83,B5,1.0,0,170,1.0,violin1,None,chord,0
679.0,680.0,62,D4,1.0,0,170,4.0,violin1,None,chord,0
679.0,680.0,71,B4,1.0,0,170,4.0,violin1,None,chord,0
679.0,680.0,79,G5,1.0,0,170,4.0,violin1,None,chord,0
680.0,681.0,62,D4,1.0,0,171,1.0,violin1,None,chord,0
680.0,681.0,74,D5,1.0,0,171,1.0,violin1,None,chord,0
680.0,681.0,86,D6,1.0,0,171,1.0,violin1,None,chord,0
683.0,684.0,62,D4,1.0,0,171,4.0,violin1,None,chord,0
683.0,684.0,74,D5,1.0,0,171,4.0,violin1,None,chord,0
683.0,684.0,81,A5,1.0,0,171,4.0,violin1,None,chord,0
684.0,685.0,62,D4,1.0,0,172,1.0,violin1,None,chord,0
684.0,685.0,74,D5,1.0,0,172,1.0,violin1,None,chord,0
684.0,685.0,83,B5,1.0,0,172,1.0,violin1,None,chord,0
687.0,688.0,62,D4,1.0,0,172,4.0,violin1,None,chord,0
687.0,688.0,71,B4,1.0,0,172,4.0,violin1,None,chord,0
687.0,688.0,79,G5,1.0,0,172,4.0,violin1,None,chord,0
688.0,689.0,62,D4,1.0,0,173,1.0,violin1,None,chord,0
688.0,689.0,74,D5,1.0,0,173,1.0,violin1,None,chord,0
688.0,689.0,86,D6,1.0,0,173,1.0,violin1,None,chord,0
689.0,690.0,62,D4,1.0,0,173,2.0,violin1,None,chord,0
689.0,690.0,74,D5,1.0,0,173,2.0,violin1,None,chord,0
689.0,690.0,81,A5,1.0,0,173,2.0,violin1,None,chord,0
691.0,692.0,62,D4,1.0,0,173,4.0,violin1,None,chord,0
691.0,692.0,74,D5,1.0,0,173,4.0,violin1,None,chord,0
691.0,692.0,83,B5,1.0,0,173,4.0,violin1,None,chord,0
693.0,694.0,62,D4,1.0,0,174,2.0,violin1,None,chord,0
693.0,694.0,74,D5,1.0,0,174,2.0,violin1,None,chord,0
693.0,694.0,81,A5,1.0,0,174,2.0,violin1,None,chord,0
695.0,696.0,62,D4,1.0,0,174,4.0,violin1,None,chord,0
695.0,696.0,74,D5,1.0,0,174,4.0,violin1,None,chord,0
695.0,696.0,83,B5,1.0,0,174,4.0,violin1,None,chord,0
696.0,697.0,62,D4,1.0,0,175,1.0,violin1,None,chord,0
696.0,697.0,74,D5,1.0,0,175,1.0,violin1,None,chord,0
696.0,697.0,81,A5,1.0,0,175,1.0,violin1,None,chord,0
700.0,703.0,79,G5,3.0,0,176,1.0,violin1,None,note,0
703.0,704.0,80,G#5,1.0,0,176,4.0,violin1,None,note,0
704.0,705.0,81,A5,1.0,0,177,1.0,violin1,None,note,0
709.0,709.75,84,C6,0.75,0,178,2.0,violin1,None,note,0
709.75,710.0,81,A5,0.25,0,178,2.75,violin1,None,note,0
710.0,710.5,78,F#5,0.5,0,178,3.0,violin1,None,note,0
711.0,711.5,78,F#5,0.5,0,178,4.0,violin1,None,note,0
712.0,713.5,79,G5,1.5,0,179,1.0,violin1,None,note,0
713.5,713.75,78,F#5,0.25,0,179,2.5,violin1,None,note,0
713.75,714.0,76,E5,0.25,0,179,2.75,violin1,None,note,0
714.0,714.5,74,D5,0.5,0,179,3.0,violin1,None,note,0
715.0,715.75,74,D5,0.75,0,179,4.0,violin1,None,note,0
715.75,716.0,76,E5,0.25,0,179,4.75,violin1,None,note,0
716.0,716.5,72,C5,0.5,0,180,1.0,violin1,None,note,0
717.0,717.75,72,C5,0.75,0,180,2.0,violin1,None,note,0
717.75,718.0,74,D5,0.25,0,180,2.75,violin1,None,note,0
718.0,718.5,71,B4,0.5,0,180,3.0,violin1,None,note,0
719.0,719.75,71,B4,0.75,0,180,4.0,violin1,None,note,0
719.75,720.0,72,C5,0.25,0,180,4.75,violin1,None,note,0
720.0,720.5,69,A4,0.5,0,181,1.0,violin1,None,note,0
720.5,721.0,71,B4,0.5,0,181,1.5,violin1,None,note,0
721.0,721.5,72,C5,0.5,0,181,2.0,violin1,None,note,0
721.5,722.0,73,C#5,0.5,0,181,2.5,violin1,None,note,0
722.0,722.5,74,D5,0.5,0,181,3.0,violin1,None,note,0
722.5,723.0,75,D#5,0.5,0,181,3.5,violin1,None,note,0
723.0,723.5,76,E5,0.5,0,181,4.0,violin1,None,note,0
723.5,724.0,78,F#5,0.5,0,181,4.5,violin1,None,note,0
724.0,727.0,79,G5,3.0,0,182,1.0,violin1,None,note,0
727.0,728.0,80,G#5,1.0,0,182,4.0,violin1,None,note,0
728.0,729.0,81,A5,1.0,0,183,1.0,violin1,None,note,0
733.0,733.75,84,C6,0.75,0,184,2.0,violin1,None,note,0
733.75,734.0,81,A5,0.25,0,184,2.75,violin1,None,note,0
734.0,734.5,78,F#5,0.5,0,184,3.0,violin1,None,note,0
735.0,735.5,78,F#5,0.5,0,184,4.0,violin1,None,note,0
736.0,737.5,79,G5,1.5,0,185,1.0,violin1,None,note,0
737.5,737.75,78,F#5,0.25,0,185,2.5,violin1,None,note,0
737.75,738.0,76,E5,0.25,0,185,2.75,violin1,None,note,0
738.0,738.5,74,D5,0.5,0,185,3.0,violin1,None,note,0
739.0,739.75,74,D5,0.75,0,185,4.0,violin1,None,note,0
739.75,740.0,76,E5,0.25,0,185,4.75,violin1,None,note,0
740.0,740.5,72,C5,0.5,0,186,1.0,violin1,None,note,0
741.0,741.75,72,C5,0.75,0,186,2.0,violin1,None,note,0
741.75,742.0,74,D5,0.25,0,186,2.75,violin1,None,note,0
742.0,742.5,71,B4,0.5,0,186,3.0,violin1,None,note,0
743.0,743.75,71,B4,0.75,0,186,4.0,violin1,None,note,0
743.75,744.0,72,C5,0.25,0,186,4.75,violin1,None,note,0
744.0,745.0,69,A4,1.0,0,187,1.0,violin1,None,note,0
745.0,746.0,69,A4,1.0,0,187,2.0,violin1,None,note,0
746.0,747.0,69,A4,1.0,0,187,3.0,violin1,None,note,0
747.0,747.75,71,B4,0.75,0,187,4.0,violin1,None,note,0
747.75,748.0,72,C5,0.25,0,187,4.75,violin1,None,note,0
748.0,748.5,74,D5,0.5,0,188,1.0,violin1,None,note,0
749.0,749.75,74,D5,0.75,0,188,2.0,violin1,None,note,0
749.75,750.0,76,E5,0.25,0,188,2.75,violin1,None,note,0
750.0,750.5,72,C5,0.5,0,188,3.0,violin1,None,note,0
751.0,751.75,72,C5,0.75,0,188,4.0,violin1,None,note,0
751.75,752.0,74,D5,0.25,0,188,4.75,violin1,None,note,0
752.0,753.0,71,B4,1.0,0,189,1.0,violin1,None,note,0
753.0,754.0,71,B4,1.0,0,189,2.0,violin1,None,note,0
754.0,754.5,71,B4,0.5,0,189,3.0,violin1,None,note,0
754.5,755.0,74,D5,0.5,0,189,3.5,violin1,None,note,0
755.0,755.5,72,C5,0.5,0,189,4.0,violin1,None,note,0
755.5,756.0,69,A4,0.5,0,189,4.5,violin1,None,note,0
756.0,759.0,67,G4,3.0,0,190,1.0,violin1,None,note,0
759.0,759.5,71,B4,0.5,0,190,4.0,violin1,None,note,0
759.5,760.0,69,A4,0.5,0,190,4.5,violin1,None,note,0
760.0,761.0,67,G4,1.0,0,191,1.0,violin1,None,note,0
764.0,767.0,81,A5,3.0,0,192,1.0,violin1,None,note,0
767.0,767.5,83,B5,0.5,0,192,4.0,violin1,None,note,0
767.5,768.0,84,C6,0.5,0,192,4.5,violin1,None,note,0
768.0,769.0,86,D6,1.0,0,193,1.0,violin1,None,note,0
769.0,770.0,86,D6,1.0,0,193,2.0,violin1,None,note,0
770.0,771.0,86,D6,1.0,0,193,3.0,violin1,None,note,0
771.0,771.25,84,C6,0.25,0,193,4.0,violin1,None,note,0
771.25,771.5,83,B5,0.25,0,193,4.25,violin1,None,note,0
771.5,771.75,81,A5,0.25,0,193,4.5,violin1,None,note,0
771.75,772.0,79,G5,0.25,0,193,4.75,violin1,None,note,0
772.0,773.0,81,A5,1.0,0,194,1.0,violin1,None,note,0
773.0,774.0,81,A5,1.0,0,194,2.0,violin1,None,note,0
774.0,775.0,81,A5,1.0,0,194,3.0,violin1,None,note,0
775.0,775.25,79,G5,0.25,0,194,4.0,violin1,None,note,0
775.25,775.5,78,F#5,0.25,0,194,4.25,violin1,None,note,0
775.5,775.75,76,E5,0.25,0,194,4.5,violin1,None,note,0
775.75,776.0,74,D5,0.25,0,194,4.75,violin1,None,note,0
776.0,777.0,79,G5,1.0,0,195,1.0,violin1,None,note,0
780.0,783.0,81,A5,3.0,0,196,1.0,violin1,None,note,0
783.0,783.5,83,B5,0.5,0,196,4.0,violin1,None,note,0
783.5,784.0,84,C6,0.5,0,196,4.5,violin1,None,note,0
784.0,785.0,86,D6,1.0,0,197,1.0,violin1,None,note,0
785.0,786.0,86,D6,1.0,0,197,2.0,violin1,None,note,0
786.0,787.0,86,D6,1.0,0,197,3.0,violin1,None,note,0
787.0,787.25,84,C6,0.25,0,197,4.0,violin1,None,note,0
787.25,787.5,83,B5,0.25,0,197,4.25,violin1,None,note,0
787.5,787.75,81,A5,0.25,0,197,4.5,violin1,None,note,0
787.75,788.0,80,G#5,0.25,0,197,4.75,violin1,None,note,0
788.0,789.0,88,E6,1.0,0,198,1.0,violin1,None,note,0
789.0,790.0,88,E6,1.0,0,198,2.0,violin1,None,note,0
790.0,791.0,88,E6,1.0,0,198,3.0,violin1,None,note,0
791.0,791.25,86,D6,0.25,0,198,4.0,violin1,None,note,0
791.25,791.5,84,C6,0.25,0,198,4.25,violin1,None,note,0
791.5,791.75,83,B5,0.25,0,198,4.5,violin1,None,note,0
791.75,792.0,81,A5,0.25,0,198,4.75,violin1,None,note,0
792.0,793.0,89,F6,1.0,0,199,1.0,violin1,None,note,0
793.0,794.0,89,F6,1.0,0,199,2.0,violin1,None,note,0
794.0,795.0,89,F6,1.0,0,199,3.0,violin1,None,note,0
800.0,804.0,87,E-6,4.0,0,201,1.0,violin1,None,note,0
804.0,804.0,86,D6,0.0,0,202,1.0,violin1,None,note,0
804.0,806.0,87,E-6,2.0,0,202,1.0,violin1,None,note,0
806.0,806.0,86,D6,0.0,0,202,3.0,violin1,None,note,0
806.0,808.0,87,E-6,2.0,0,202,3.0,violin1,None,note,0
808.0,812.0,88,E6,4.0,0,203,1.0,violin1,None,note,0
812.0,814.0,89,F6,2.0,0,204,1.0,violin1,None,note,0
814.0,816.0,56,A-3,2.0,0,204,3.0,violin1,None,chord,0
814.0,816.0,65,F4,2.0,0,204,3.0,violin1,None,chord,0
816.0,817.0,55,G3,1.0,0,205,1.0,violin1,None,chord,0
816.0,817.0,64,E4,1.0,0,205,1.0,violin1,None,chord,0
817.0,818.0,64,E4,1.0,0,205,2.0,violin1,None,note,0
818.0,819.0,67,G4,1.0,0,205,3.0,violin1,None,note,0
819.0,820.0,72,C5,1.0,0,205,4.0,violin1,None,note,0
820.0,821.0,76,E5,1.0,0,206,1.0,violin1,None,note,0
821.0,822.0,79,G5,1.0,0,206,2.0,violin1,None,note,0
822.0,822.5,84,C6,0.5,0,206,3.0,violin1,None,note,0
823.0,823.5,88,E6,0.5,0,206,4.0,violin1,None,note,0
824.0,824.5,62,D4,0.5,0,207,1.0,violin1,None,chord,0
824.0,824.5,74,D5,0.5,0,207,1.0,violin1,None,chord,0
824.0,824.5,86,D6,0.5,0,207,1.0,violin1,None,chord,0
825.0,827.0,86,D6,2.0,0,207,2.0,violin1,None,note,0
827.0,827.0,84,C6,0.0,0,207,4.0,violin1,None,note,0
827.0,827.5,83,B5,0.5,0,207,4.0,violin1,None,note,0
827.5,827.75,81,A5,0.25,0,207,4.5,violin1,None,note,0
827.75,828.0,79,G5,0.25,0,207,4.75,violin1,None,note,0
828.0,829.0,86,D6,1.0,0,208,1.0,violin1,None,note,0
829.0,829.0,84,C6,0.0,0,208,2.0,violin1,None,note,0
829.0,829.5,83,B5,0.5,0,208,2.0,violin1,None,note,0
829.5,829.75,81,A5,0.25,0,208,2.5,violin1,None,note,0
829.75,830.0,79,G5,0.25,0,208,2.75,violin1,None,note,0
830.0,831.0,83,B5,1.0,0,208,3.0,violin1,None,note,0
831.0,832.0,81,A5,1.0,0,208,4.0,violin1,None,note,0
832.0,833.5,79,G5,1.5,0,209,1.0,violin1,None,note,0
833.5,834.0,78,F#5,0.5,0,209,2.5,violin1,None,note,0
834.0,834.75,81,A5,0.75,0,209,3.0,violin1,None,note,0
834.75,835.0,79,G5,0.25,0,209,3.75,violin1,None,note,0
835.0,835.75,84,C6,0.75,0,209,4.0,violin1,None,note,0
835.75,836.0,83,B5,0.25,0,209,4.75,violin1,None,note,0
836.0,837.5,81,A5,1.5,0,210,1.0,violin1,None,note,0
837.5,838.0,80,G#5,0.5,0,210,2.5,violin1,None,note,0
838.0,838.75,83,B5,0.75,0,210,3.0,violin1,None,note,0
838.75,839.0,81,A5,0.25,0,210,3.75,violin1,None,note,0
839.0,839.75,86,D6,0.75,0,210,4.0,violin1,None,note,0
839.75,840.0,84,C6,0.25,0,210,4.75,violin1,None,note,0
840.0,841.5,83,B5,1.5,0,211,1.0,violin1,None,note,0
841.5,842.0,82,A#5,0.5,0,211,2.5,violin1,None,note,0
842.0,842.75,84,C6,0.75,0,211,3.0,violin1,None,note,0
842.75,843.0,83,B5,0.25,0,211,3.75,violin1,None,note,0
843.0,843.75,88,E6,0.75,0,211,4.0,violin1,None,note,0
843.75,844.0,86,D6,0.25,0,211,4.75,violin1,None,note,0
844.0,844.25,84,C6,0.25,0,212,1.0,violin1,None,note,0
844.25,844.5,86,D6,0.25,0,212,1.25,violin1,None,note,0
844.5,844.75,88,E6,0.25,0,212,1.5,violin1,None,note,0
844.75,845.0,86,D6,0.25,0,212,1.75,violin1,None,note,0
845.0,845.5,84,C6,0.5,0,212,2.0,violin1,None,note,0
845.5,846.0,84,C6,0.5,0,212,2.5,violin1,None,note,0
846.0,846.25,83,B5,0.25,0,212,3.0,violin1,None,note,0
846.25,846.5,84,C6,0.25,0,212,3.25,violin1,None,note,0
846.5,846.75,86,D6,0.25,0,212,3.5,violin1,None,note,0
846.75,847.0,84,C6,0.25,0,212,3.75,violin1,None,note,0
847.0,847.5,83,B5,0.5,0,212,4.0,violin1,None,note,0
847.5,848.0,83,B5,0.5,0,212,4.5,violin1,None,note,0
848.0,849.5,81,A5,1.5,0,213,1.0,violin1,None,note,0
849.5,849.75,83,B5,0.25,0,213,2.5,violin1,None,note,0
849.75,850.0,84,C6,0.25,0,213,2.75,violin1,None,note,0
850.0,851.5,74,D5,1.5,0,213,3.0,violin1,None,note,0
851.5,851.75,76,E5,0.25,0,213,4.5,violin1,None,note,0
851.75,852.0,78,F#5,0.25,0,213,4.75,violin1,None,note,0
852.0,852.5,79,G5,0.5,0,214,1.0,violin1,None,note,0
852.5,853.5,79,G5,1.0,0,214,1.5,violin1,None,note,0
853.5,854.5,79,G5,1.0,0,214,2.5,violin1,None,note,0
854.5,855.5,79,G5,1.0,0,214,3.5,violin1,None,note,0
855.5,856.5,79,G5,1.0,0,214,4.5,violin1,<music21.tie.Tie start>,note,1
856.5,857.5,79,G5,1.0,0,215,1.5,violin1,None,note,0
857.5,858.5,79,G5,1.0,0,215,2.5,violin1,None,note,0
858.5,859.5,79,G5,1.0,0,215,3.5,violin1,None,note,0
859.5,860.5,79,G5,1.0,0,215,4.5,violin1,<music21.tie.Tie start>,note,1
860.5,861.5,79,G5,1.0,0,216,1.5,violin1,None,note,0
861.5,862.5,79,G5,1.0,0,216,2.5,violin1,None,note,0
862.5,863.5,79,G5,1.0,0,216,3.5,violin1,None,note,0
863.5,864.0,79,G5,0.5,0,216,4.5,violin1,None,note,0
864.0,865.0,79,G5,1.0,0,217,1.0,violin1,None,note,0
865.0,866.0,80,G#5,1.0,0,217,2.0,violin1,None,note,0
866.0,867.0,81,A5,1.0,0,217,3.0,violin1,None,note,0
867.0,868.0,83,B5,1.0,0,217,4.0,violin1,None,note,0
868.0,868.5,84,C6,0.5,0,218,1.0,violin1,None,note,0
868.5,869.5,84,C6,1.0,0,218,1.5,violin1,None,note,0
869.5,870.5,84,C6,1.0,0,218,2.5,violin1,None,note,0
870.5,871.5,84,C6,1.0,0,218,3.5,violin1,None,note,0
871.5,872.5,84,C6,1.0,0,218,4.5,violin1,<music21.tie.Tie start>,note,1
872.5,873.0,81,A5,0.5,0,219,1.5,violin1,None,note,0
873.0,873.5,78,F#5,0.5,0,219,2.0,violin1,None,note,0
873.5,874.0,74,D5,0.5,0,219,2.5,violin1,None,note,0
874.0,874.5,72,C5,0.5,0,219,3.0,violin1,None,note,0
874.5,875.0,69,A4,0.5,0,219,3.5,violin1,None,note,0
875.0,875.5,66,F#4,0.5,0,219,4.0,violin1,None,note,0
875.5,876.0,62,D4,0.5,0,219,4.5,violin1,None,note,0
876.0,877.0,60,C4,1.0,0,220,1.0,violin1,None,note,0
881.5,882.0,74,D5,0.5,0,221,2.5,violin1,None,note,0
882.0,883.0,83,B5,1.0,0,221,3.0,violin1,None,note,0
883.0,883.5,83,B5,0.5,0,221,4.0,violin1,None,note,0
883.5,884.0,83,B5,0.5,0,221,4.5,violin1,None,note,0
884.0,884.5,83,B5,0.5,0,222,1.0,violin1,None,note,0
884.5,885.0,81,A5,0.5,0,222,1.5,violin1,None,note,0
885.0,885.5,81,A5,0.5,0,222,2.0,violin1,None,note,0
885.5,886.0,81,A5,0.5,0,222,2.5,violin1,None,note,0
886.0,886.0,83,B5,0.0,0,222,3.0,violin1,None,note,0
886.0,886.5,81,A5,0.5,0,222,3.0,violin1,None,note,0
886.5,887.0,79,G5,0.5,0,222,3.5,violin1,None,note,0
887.0,887.5,81,A5,0.5,0,222,4.0,violin1,None,note,0
887.5,888.0,83,B5,0.5,0,222,4.5,violin1,None,note,0
888.0,889.0,79,G5,1.0,0,223,1.0,violin1,None,note,0
889.0,889.5,74,D5,0.5,0,223,2.0,violin1,None,note,0
889.5,890.0,74,D5,0.5,0,223,2.5,violin1,None,note,0
890.0,890.5,74,D5,0.5,0,223,3.0,violin1,None,note,0
890.5,891.0,83,B5,0.5,0,223,3.5,violin1,None,note,0
891.0,891.5,83,B5,0.5,0,223,4.0,violin1,None,note,0
891.5,892.0,83,B5,0.5,0,223,4.5,violin1,None,note,0
892.0,892.5,83,B5,0.5,0,224,1.0,violin1,None,note,0
892.5,893.0,81,A5,0.5,0,224,1.5,violin1,None,note,0
893.0,893.5,81,A5,0.5,0,224,2.0,violin1,None,note,0
893.5,894.0,81,A5,0.5,0,224,2.5,violin1,None,note,0
894.0,894.0,83,B5,0.0,0,224,3.0,violin1,None,note,0
894.0,894.5,81,A5,0.5,0,224,3.0,violin1,None,note,0
894.5,895.0,79,G5,0.5,0,224,3.5,violin1,None,note,0
895.0,895.5,81,A5,0.5,0,224,4.0,violin1,None,note,0
895.5,896.0,83,B5,0.5,0,224,4.5,violin1,None,note,0
896.0,897.0,79,G5,1.0,0,225,1.0,violin1,None,note,0
897.0,897.5,86,D6,0.5,0,225,2.0,violin1,None,note,0
897.5,898.0,74,D5,0.5,0,225,2.5,violin1,None,note,0
898.0,898.5,74,D5,0.5,0,225,3.0,violin1,None,note,0
898.5,899.0,83,B5,0.5,0,225,3.5,violin1,None,note,0
899.0,899.5,83,B5,0.5,0,225,4.0,violin1,None,note,0
899.5,900.0,83,B5,0.5,0,225,4.5,violin1,None,note,0
900.0,900.5,83,B5,0.5,0,226,1.0,violin1,None,note,0
900.5,901.0,81,A5,0.5,0,226,1.5,violin1,None,note,0
901.0,901.5,81,A5,0.5,0,226,2.0,violin1,None,note,0
901.5,902.0,81,A5,0.5,0,226,2.5,violin1,None,note,0
902.0,902.0,83,B5,0.0,0,226,3.0,violin1,None,note,0
902.0,902.5,81,A5,0.5,0,226,3.0,violin1,None,note,0
902.5,903.0,79,G5,0.5,0,226,3.5,violin1,None,note,0
903.0,903.5,81,A5,0.5,0,226,4.0,violin1,None,note,0
903.5,904.0,83,B5,0.5,0,226,4.5,violin1,None,note,0
904.0,905.5,79,G5,1.5,0,227,1.0,violin1,None,note,0
905.5,906.0,83,B5,0.5,0,227,2.5,violin1,None,note,0
906.0,907.5,76,E5,1.5,0,227,3.0,violin1,None,note,0
907.5,908.0,84,C6,0.5,0,227,4.5,violin1,None,note,0
908.0,908.5,81,A5,0.5,0,228,1.0,violin1,None,note,0
908.5,909.0,88,E6,0.5,0,228,1.5,violin1,None,note,0
909.0,909.5,84,C6,0.5,0,228,2.0,violin1,None,note,0
909.5,910.0,81,A5,0.5,0,228,2.5,violin1,None,note,0
910.0,910.5,78,F#5,0.5,0,228,3.0,violin1,None,note,0
910.5,911.0,79,G5,0.5,0,228,3.5,violin1,None,note,0
911.0,911.5,81,A5,0.5,0,228,4.0,violin1,None,note,0
911.5,912.0,83,B5,0.5,0,228,4.5,violin1,None,note,0
912.0,913.5,79,G5,1.5,0,229,1.0,violin1,None,note,0
913.5,914.0,83,B5,0.5,0,229,2.5,violin1,None,note,0
914.0,915.5,76,E5,1.5,0,229,3.0,violin1,None,note,0
915.5,916.0,84,C6,0.5,0,229,4.5,violin1,None,note,0
916.0,916.5,81,A5,0.5,0,230,1.0,violin1,None,note,0
916.5,917.0,88,E6,0.5,0,230,1.5,violin1,None,note,0
917.0,917.5,84,C6,0.5,0,230,2.0,violin1,None,note,0
917.5,918.0,81,A5,0.5,0,230,2.5,violin1,None,note,0
918.0,918.5,78,F#5,0.5,0,230,3.0,violin1,None,note,0
918.5,919.0,79,G5,0.5,0,230,3.5,violin1,None,note,0
919.0,919.5,81,A5,0.5,0,230,4.0,violin1,None,note,0
919.5,920.0,83,B5,0.5,0,230,4.5,violin1,None,note,0
920.0,920.5,79,G5,0.5,0,231,1.0,violin1,None,note,0
921.0,921.25,86,D6,0.25,0,231,2.0,violin1,None,note,0
921.25,921.5,86,D6,0.25,0,231,2.25,violin1,None,note,0
921.5,921.75,85,C#6,0.25,0,231,2.5,violin1,None,note,0
921.75,922.0,85,C#6,0.25,0,231,2.75,violin1,None,note,0
922.0,922.25,86,D6,0.25,0,231,3.0,violin1,None,note,0
922.25,922.5,86,D6,0.25,0,231,3.25,violin1,None,note,0
922.5,922.75,85,C#6,0.25,0,231,3.5,violin1,None,note,0
922.75,923.0,85,C#6,0.25,0,231,3.75,violin1,None,note,0
923.0,923.25,86,D6,0.25,0,231,4.0,violin1,None,note,0
923.25,923.5,86,D6,0.25,0,231,4.25,violin1,None,note,0
923.5,923.75,83,B5,0.25,0,231,4.5,violin1,None,note,0
923.75,924.0,83,B5,0.25,0,231,4.75,violin1,None,note,0
924.0,924.5,84,C6,0.5,0,232,1.0,violin1,None,note,0
925.0,925.25,84,C6,0.25,0,232,2.0,violin1,None,note,0
925.25,925.5,84,C6,0.25,0,232,2.25,violin1,None,note,0
925.5,925.75,83,B5,0.25,0,232,2.5,violin1,None,note,0
925.75,926.0,83,B5,0.25,0,232,2.75,violin1,None,note,0
926.0,926.25,84,C6,0.25,0,232,3.0,violin1,None,note,0
926.25,926.5,84,C6,0.25,0,232,3.25,violin1,None,note,0
926.5,926.75,83,B5,0.25,0,232,3.5,violin1,None,note,0
926.75,927.0,83,B5,0.25,0,232,3.75,violin1,None,note,0
927.0,927.25,84,C6,0.25,0,232,4.0,violin1,None,note,0
927.25,927.5,84,C6,0.25,0,232,4.25,violin1,None,note,0
927.5,927.75,81,A5,0.25,0,232,4.5,violin1,None,note,0
927.75,928.0,81,A5,0.25,0,232,4.75,violin1,None,note,0
928.0,928.5,83,B5,0.5,0,233,1.0,violin1,None,note,0
929.0,929.5,79,G5,0.5,0,233,2.0,violin1,None,note,0
929.5,929.75,78,F#5,0.25,0,233,2.5,violin1,None,note,0
929.75,930.0,79,G5,0.25,0,233,2.75,violin1,None,note,0
930.0,930.5,81,A5,0.5,0,233,3.0,violin1,None,note,0
930.5,931.0,81,A5,0.5,0,233,3.5,violin1,None,note,0
931.0,931.5,78,F#5,0.5,0,233,4.0,violin1,None,note,0
931.5,932.0,78,F#5,0.5,0,233,4.5,violin1,None,note,0
932.0,932.5,79,G5,0.5,0,234,1.0,violin1,None,note,0
933.0,933.25,86,D6,0.25,0,234,2.0,violin1,None,note,0
933.25,933.5,86,D6,0.25,0,234,2.25,violin1,None,note,0
933.5,933.75,85,C#6,0.25,0,234,2.5,violin1,None,note,0
933.75,934.0,85,C#6,0.25,0,234,2.75,violin1,None,note,0
934.0,934.25,86,D6,0.25,0,234,3.0,violin1,None,note,0
934.25,934.5,86,D6,0.25,0,234,3.25,violin1,None,note,0
934.5,934.75,85,C#6,0.25,0,234,3.5,violin1,None,note,0
934.75,935.0,85,C#6,0.25,0,234,3.75,violin1,None,note,0
935.0,935.25,86,D6,0.25,0,234,4.0,violin1,None,note,0
935.25,935.5,86,D6,0.25,0,234,4.25,violin1,None,note,0
935.5,935.75,83,B5,0.25,0,234,4.5,violin1,None,note,0
935.75,936.0,83,B5,0.25,0,234,4.75,violin1,None,note,0
936.0,936.5,84,C6,0.5,0,235,1.0,violin1,None,note,0
937.0,937.25,84,C6,0.25,0,235,2.0,violin1,None,note,0
937.25,937.5,84,C6,0.25,0,235,2.25,violin1,None,note,0
937.5,937.75,83,B5,0.25,0,235,2.5,violin1,None,note,0
937.75,938.0,83,B5,0.25,0,235,2.75,violin1,None,note,0
938.0,938.25,84,C6,0.25,0,235,3.0,violin1,None,note,0
938.25,938.5,84,C6,0.25,0,235,3.25,violin1,None,note,0
938.5,938.75,83,B5,0.25,0,235,3.5,violin1,None,note,0
938.75,939.0,83,B5,0.25,0,235,3.75,violin1,None,note,0
939.0,939.25,84,C6,0.25,0,235,4.0,violin1,None,note,0
939.25,939.5,84,C6,0.25,0,235,4.25,violin1,None,note,0
939.5,939.75,81,A5,0.25,0,235,4.5,violin1,None,note,0
939.75,940.0,81,A5,0.25,0,235,4.75,violin1,None,note,0
940.0,940.5,83,B5,0.5,0,236,1.0,violin1,None,note,0
941.0,941.5,79,G5,0.5,0,236,2.0,violin1,None,note,0
941.5,941.75,78,F#5,0.25,0,236,2.5,violin1,None,note,0
941.75,942.0,79,G5,0.25,0,236,2.75,violin1,None,note,0
942.0,942.5,81,A5,0.5,0,236,3.0,violin1,None,note,0
942.5,943.0,81,A5,0.5,0,236,3.5,violin1,None,note,0
943.0,943.5,78,F#5,0.5,0,236,4.0,violin1,None,note,0
943.5,944.0,78,F#5,0.5,0,236,4.5,violin1,None,note,0
944.0,945.0,79,G5,1.0,0,237,1.0,violin1,None,note,0
945.5,945.625,84,C6,0.125,0,237,2.5,violin1,None,note,0
945.625,945.75,83,B5,0.125,0,237,2.625,violin1,None,note,0
945.75,945.875,81,A5,0.125,0,237,2.75,violin1,None,note,0
945.875,946.0,79,G5,0.125,0,237,2.875,violin1,None,note,0
946.0,947.0,78,F#5,1.0,0,237,3.0,violin1,None,note,0
947.5,947.625,86,D6,0.125,0,237,4.5,violin1,None,note,0
947.625,947.75,84,C6,0.125,0,237,4.625,violin1,None,note,0
947.75,947.875,83,B5,0.125,0,237,4.75,violin1,None,note,0
947.875,948.0,81,A5,0.125,0,237,4.875,violin1,None,note,0
948.0,949.0,83,B5,1.0,0,238,1.0,violin1,None,note,0
949.5,949.625,84,C6,0.125,0,238,2.5,violin1,None,note,0
949.625,949.75,83,B5,0.125,0,238,2.625,violin1,None,note,0
949.75,949.875,81,A5,0.125,0,238,2.75,violin1,None,note,0
949.875,950.0,79,G5,0.125,0,238,2.875,violin1,None,note,0
950.0,951.0,78,F#5,1.0,0,238,3.0,violin1,None,note,0
951.5,951.625,86,D6,0.125,0,238,4.5,violin1,None,note,0
951.625,951.75,84,C6,0.125,0,238,4.625,violin1,None,note,0
951.75,951.875,83,B5,0.125,0,238,4.75,violin1,None,note,0
951.875,952.0,81,A5,0.125,0,238,4.875,violin1,None,note,0
952.0,953.0,83,B5,1.0,0,239,1.0,violin1,None,note,0
953.5,953.625,84,C6,0.125,0,239,2.5,violin1,None,note,0
953.625,953.75,83,B5,0.125,0,239,2.625,violin1,None,note,0
953.75,953.875,81,A5,0.125,0,239,2.75,violin1,None,note,0
953.875,954.0,79,G5,0.125,0,239,2.875,violin1,None,note,0
954.0,955.0,78,F#5,1.0,0,239,3.0,violin1,None,note,0
955.5,955.625,86,D6,0.125,0,239,4.5,violin1,None,note,0
955.625,955.75,84,C6,0.125,0,239,4.625,violin1,None,note,0
955.75,955.875,83,B5,0.125,0,239,4.75,violin1,None,note,0
955.875,956.0,81,A5,0.125,0,239,4.875,violin1,None,note,0
956.0,957.0,79,G5,1.0,0,240,1.0,violin1,None,note,0
957.0,958.0,62,D4,1.0,0,240,2.0,violin1,None,chord,0
957.0,958.0,74,D5,1.0,0,240,2.0,violin1,None,chord,0
957.0,958.0,83,B5,1.0,0,240,2.0,violin1,None,chord,0
958.0,959.0,62,D4,1.0,0,240,3.0,violin1,None,chord,0
958.0,959.0,71,B4,1.0,0,240,3.0,violin1,None,chord,0
958.0,959.0,79,G5,1.0,0,240,3.0,violin1,None,chord,0
969.5,970.0,70,B-4,0.5,0,243,2.5,violin1,None,note,0
970.0,971.0,79,G5,1.0,0,243,3.0,violin1,None,note,0
971.0,971.5,79,G5,0.5,0,243,4.0,violin1,None,note,0
971.5,972.0,79,G5,0.5,0,243,4.5,violin1,None,note,0
972.0,972.5,79,G5,0.5,0,244,1.0,violin1,None,note,0
972.5,973.0,77,F5,0.5,0,244,1.5,violin1,None,note,0
973.0,973.5,77,F5,0.5,0,244,2.0,violin1,None,note,0
973.5,974.0,77,F5,0.5,0,244,2.5,violin1,None,note,0
974.0,974.0,79,G5,0.0,0,244,3.0,violin1,None,note,0
974.0,974.5,77,F5,0.5,0,244,3.0,violin1,None,note,0
974.5,975.0,75,E-5,0.5,0,244,3.5,violin1,None,note,0
975.0,975.5,77,F5,0.5,0,244,4.0,violin1,None,note,0
975.5,976.0,79,G5,0.5,0,244,4.5,violin1,None,note,0
976.0,977.0,75,E-5,1.0,0,245,1.0,violin1,None,note,0
977.0,977.5,70,B-4,0.5,0,245,2.0,violin1,None,note,0
977.5,978.0,70,B-4,0.5,0,245,2.5,violin1,None,note,0
978.0,978.5,70,B-4,0.5,0,245,3.0,violin1,None,note,0
978.5,979.0,79,G5,0.5,0,245,3.5,violin1,None,note,0
979.0,979.5,79,G5,0.5,0,245,4.0,violin1,None,note,0
979.5,980.0,79,G5,0.5,0,245,4.5,violin1,None,note,0
980.0,980.5,79,G5,0.5,0,246,1.0,violin1,None,note,0
980.5,981.0,77,F5,0.5,0,246,1.5,violin1,None,note,0
981.0,981.5,77,F5,0.5,0,246,2.0,violin1,None,note,0
981.5,982.0,77,F5,0.5,0,246,2.5,violin1,None,note,0
982.0,982.0,79,G5,0.0,0,246,3.0,violin1,None,note,0
982.0,982.5,77,F5,0.5,0,246,3.0,violin1,None,note,0
982.5,983.0,75,E-5,0.5,0,246,3.5,violin1,None,note,0
983.0,983.5,77,F5,0.5,0,246,4.0,violin1,None,note,0
983.5,984.0,79,G5,0.5,0,246,4.5,violin1,None,note,0
984.0,985.0,75,E-5,1.0,0,247,1.0,violin1,None,note,0
985.0,985.5,82,B-5,0.5,0,247,2.0,violin1,None,note,0
985.5,986.0,70,B-4,0.5,0,247,2.5,violin1,None,note,0
986.0,986.5,70,B-4,0.5,0,247,3.0,violin1,None,note,0
986.5,987.0,79,G5,0.5,0,247,3.5,violin1,None,note,0
987.0,987.5,79,G5,0.5,0,247,4.0,violin1,None,note,0
987.5,988.0,79,G5,0.5,0,247,4.5,violin1,None,note,0
988.0,988.5,79,G5,0.5,0,248,1.0,violin1,None,note,0
988.5,989.0,77,F5,0.5,0,248,1.5,violin1,None,note,0
989.0,989.5,77,F5,0.5,0,248,2.0,violin1,None,note,0
989.5,990.0,77,F5,0.5,0,248,2.5,violin1,None,note,0
990.0,990.0,79,G5,0.0,0,248,3.0,violin1,None,note,0
990.0,990.5,77,F5,0.5,0,248,3.0,violin1,None,note,0
990.5,991.0,75,E-5,0.5,0,248,3.5,violin1,None,note,0
991.0,991.5,77,F5,0.5,0,248,4.0,violin1,None,note,0
991.5,992.0,79,G5,0.5,0,248,4.5,violin1,None,note,0
992.0,993.5,75,E-5,1.5,0,249,1.0,violin1,None,note,0
993.5,994.0,79,G5,0.5,0,249,2.5,violin1,None,note,0
994.0,995.5,72,C5,1.5,0,249,3.0,violin1,None,note,0
995.5,996.0,80,A-5,0.5,0,249,4.5,violin1,None,note,0
996.0,996.5,77,F5,0.5,0,250,1.0,violin1,None,note,0
996.5,997.0,84,C6,0.5,0,250,1.5,violin1,None,note,0
997.0,997.5,80,A-5,0.5,0,250,2.0,violin1,None,note,0
997.5,998.0,77,F5,0.5,0,250,2.5,violin1,None,note,0
998.0,998.5,74,D5,0.5,0,250,3.0,violin1,None,note,0
998.5,999.0,75,E-5,0.5,0,250,3.5,violin1,None,note,0
999.0,999.5,77,F5,0.5,0,250,4.0,violin1,None,note,0
999.5,1000.0,79,G5,0.5,0,250,4.5,violin1,None,note,0
1000.0,1001.0,75,E-5,1.0,0,251,1.0,violin1,None,note,0
1008.0,1008.5,75,E-5,0.5,0,253,1.0,violin1,None,note,0
1008.5,1009.0,82,B-5,0.5,0,253,1.5,violin1,None,note,0
1009.0,1009.5,79,G5,0.5,0,253,2.0,violin1,None,note,0
1009.5,1010.0,75,E-5,0.5,0,253,2.5,violin1,None,note,0
1010.0,1010.5,74,D5,0.5,0,253,3.0,violin1,None,note,0
1010.5,1011.0,75,E-5,0.5,0,253,3.5,violin1,None,note,0
1011.0,1011.5,77,F5,0.5,0,253,4.0,violin1,None,note,0
1011.5,1012.0,79,G5,0.5,0,253,4.5,violin1,None,note,0
1012.0,1013.0,75,E-5,1.0,0,254,1.0,violin1,None,note,0
1014.0,1015.0,62,D4,1.0,0,254,3.0,violin1,None,chord,0
1014.0,1015.0,70,B-4,1.0,0,254,3.0,violin1,None,chord,0
1014.0,1015.0,80,A-5,1.0,0,254,3.0,violin1,None,chord,0
1016.0,1016.5,79,G5,0.5,0,255,1.0,violin1,None,note,0
1016.5,1017.0,85,D-6,0.5,0,255,1.5,violin1,None,note,0
1017.0,1017.5,82,B-5,0.5,0,255,2.0,violin1,None,note,0
1017.5,1018.0,79,G5,0.5,0,255,2.5,violin1,None,note,0
1018.0,1018.5,76,E5,0.5,0,255,3.0,violin1,None,note,0
1018.5,1019.0,77,F5,0.5,0,255,3.5,violin1,None,note,0
1019.0,1019.5,79,G5,0.5,0,255,4.0,violin1,None,note,0
1019.5,1020.0,80,A-5,0.5,0,255,4.5,violin1,None,note,0
1020.0,1021.0,77,F5,1.0,0,256,1.0,violin1,None,note,0
1022.0,1023.0,64,E4,1.0,0,256,3.0,violin1,None,chord,0
1022.0,1023.0,72,C5,1.0,0,256,3.0,violin1,None,chord,0
1022.0,1023.0,82,B-5,1.0,0,256,3.0,violin1,None,chord,0
1024.0,1024.5,81,A5,0.5,0,257,1.0,violin1,None,note,0
1024.5,1025.0,87,E-6,0.5,0,257,1.5,violin1,None,note,0
1025.0,1025.5,84,C6,0.5,0,257,2.0,violin1,None,note,0
1025.5,1026.0,81,A5,0.5,0,257,2.5,violin1,None,note,0
1026.0,1026.5,78,F#5,0.5,0,257,3.0,violin1,None,note,0
1026.5,1027.0,79,G5,0.5,0,257,3.5,violin1,None,note,0
1027.0,1027.5,81,A5,0.5,0,257,4.0,violin1,None,note,0
1027.5,1028.0,82,B-5,0.5,0,257,4.5,violin1,None,note,0
1028.0,1029.0,79,G5,1.0,0,258,1.0,violin1,None,note,0
1030.0,1031.0,62,D4,1.0,0,258,3.0,violin1,None,chord,0
1030.0,1031.0,74,D5,1.0,0,258,3.0,violin1,None,chord,0
1030.0,1031.0,84,C6,1.0,0,258,3.0,violin1,None,chord,0
1032.0,1032.5,82,B-5,0.5,0,259,1.0,violin1,None,note,0
1032.5,1033.0,86,D6,0.5,0,259,1.5,violin1,None,note,0
1033.0,1033.5,82,B-5,0.5,0,259,2.0,violin1,None,note,0
1033.5,1034.0,81,A5,0.5,0,259,2.5,violin1,None,note,0
1034.0,1034.5,79,G5,0.5,0,259,3.0,violin1,None,note,0
1034.5,1035.0,82,B-5,0.5,0,259,3.5,violin1,None,note,0
1035.0,1035.5,79,G5,0.5,0,259,4.0,violin1,None,note,0
1035.5,1036.0,77,F5,0.5,0,259,4.5,violin1,None,note,0
1036.0,1036.5,76,E5,0.5,0,260,1.0,violin1,None,note,0
1036.5,1037.0,79,G5,0.5,0,260,1.5,violin1,None,note,0
1037.0,1037.5,76,E5,0.5,0,260,2.0,violin1,None,note,0
1037.5,1038.0,74,D5,0.5,0,260,2.5,violin1,None,note,0
1038.0,1039.0,72,C5,1.0,0,260,3.0,violin1,None,note,0
1039.0,1040.0,64,E4,1.0,0,260,4.0,violin1,None,chord,0
1039.0,1040.0,72,C5,1.0,0,260,4.0,violin1,None,chord,0
1039.0,1040.0,82,B-5,1.0,0,260,4.0,violin1,None,chord,0
1040.0,1040.5,80,A-5,0.5,0,261,1.0,violin1,None,note,0
1040.5,1041.0,84,C6,0.5,0,261,1.5,violin1,None,note,0
1041.0,1041.5,80,A-5,0.5,0,261,2.0,violin1,None,note,0
1041.5,1042.0,79,G5,0.5,0,261,2.5,violin1,None,note,0
1042.0,1042.5,77,F5,0.5,0,261,3.0,violin1,None,note,0
1042.5,1043.0,80,A-5,0.5,0,261,3.5,violin1,None,note,0
1043.0,1043.5,77,F5,0.5,0,261,4.0,violin1,None,note,0
1043.5,1044.0,75,E-5,0.5,0,261,4.5,violin1,None,note,0
1044.0,1044.5,74,D5,0.5,0,262,1.0,violin1,None,note,0
1044.5,1045.0,77,F5,0.5,0,262,1.5,violin1,None,note,0
1045.0,1045.5,74,D5,0.5,0,262,2.0,violin1,None,note,0
1045.5,1046.0,72,C5,0.5,0,262,2.5,violin1,None,note,0
1046.0,1047.0,70,B-4,1.0,0,262,3.0,violin1,None,note,0
1047.0,1048.0,62,D4,1.0,0,262,4.0,violin1,None,chord,0
1047.0,1048.0,70,B-4,1.0,0,262,4.0,violin1,None,chord,0
1047.0,1048.0,80,A-5,1.0,0,262,4.0,violin1,None,chord,0
1048.0,1048.5,79,G5,0.5,0,263,1.0,violin1,None,note,0
1048.5,1049.0,82,B-5,0.5,0,263,1.5,violin1,None,note,0
1049.0,1049.5,75,E-5,0.5,0,263,2.0,violin1,None,note,0
1049.5,1050.0,79,G5,0.5,0,263,2.5,violin1,None,note,0
1050.0,1051.0,80,A-5,1.0,0,263,3.0,violin1,None,note,0
1051.5,1052.0,80,A-5,0.5,0,263,4.5,violin1,None,note,0
1052.0,1052.5,77,F5,0.5,0,264,1.0,violin1,None,note,0
1052.5,1053.0,80,A-5,0.5,0,264,1.5,violin1,None,note,0
1053.0,1053.5,74,D5,0.5,0,264,2.0,violin1,None,note,0
1053.5,1054.0,77,F5,0.5,0,264,2.5,violin1,None,note,0
1054.0,1055.0,79,G5,1.0,0,264,3.0,violin1,None,note,0
1055.5,1056.0,79,G5,0.5,0,264,4.5,violin1,None,note,0
1056.0,1056.5,75,E-5,0.5,0,265,1.0,violin1,None,note,0
1056.5,1057.0,79,G5,0.5,0,265,1.5,violin1,None,note,0
1057.0,1057.5,75,E-5,0.5,0,265,2.0,violin1,None,note,0
1057.5,1058.0,74,D5,0.5,0,265,2.5,violin1,None,note,0
1058.0,1058.5,72,C5,0.5,0,265,3.0,violin1,None,note,0
1058.5,1059.0,75,E-5,0.5,0,265,3.5,violin1,None,note,0
1059.0,1059.5,72,C5,0.5,0,265,4.0,violin1,None,note,0
1059.5,1060.0,70,B-4,0.5,0,265,4.5,violin1,None,note,0
1060.0,1060.5,69,A4,0.5,0,266,1.0,violin1,None,note,0
1060.5,1061.0,72,C5,0.5,0,266,1.5,violin1,None,note,0
1061.0,1061.5,69,A4,0.5,0,266,2.0,violin1,None,note,0
1061.5,1062.0,67,G4,0.5,0,266,2.5,violin1,None,note,0
1062.0,1063.0,66,F#4,1.0,0,266,3.0,violin1,None,note,0
1063.0,1064.0,62,D4,1.0,0,266,4.0,violin1,None,chord,0
1063.0,1064.0,72,C5,1.0,0,266,4.0,violin1,None,chord,0
1064.0,1065.0,62,D4,1.0,0,267,1.0,violin1,None,chord,0
1064.0,1065.0,70,B-4,1.0,0,267,1.0,violin1,None,chord,0
1065.0,1066.0,62,D4,1.0,0,267,2.0,violin1,None,chord,0
1065.0,1066.0,70,B-4,1.0,0,267,2.0,violin1,None,chord,0
1065.0,1066.0,79,G5,1.0,0,267,2.0,violin1,None,chord,0
1067.0,1068.0,55,G3,1.0,0,267,4.0,violin1,None,chord,0
1067.0,1068.0,63,E-4,1.0,0,267,4.0,violin1,None,chord,0
1067.0,1068.0,72,C5,1.0,0,267,4.0,violin1,None,chord,0
1069.0,1070.0,75,E-5,1.0,0,268,2.0,violin1,None,chord,0
1069.0,1070.0,84,C6,1.0,0,268,2.0,violin1,None,chord,0
1071.0,1072.0,62,D4,1.0,0,268,4.0,violin1,None,chord,0
1071.0,1072.0,72,C5,1.0,0,268,4.0,violin1,None,chord,0
1072.0,1073.5,70,B-4,1.5,0,269,1.0,violin1,None,note,0
1073.5,1074.0,74,D5,0.5,0,269,2.5,violin1,None,note,0
1074.0,1075.5,67,G4,1.5,0,269,3.0,violin1,None,note,0
1075.5,1076.0,82,B-5,0.5,0,269,4.5,violin1,None,note,0
1076.0,1076.5,79,G5,0.5,0,270,1.0,violin1,None,note,0
1076.5,1077.0,82,B-5,0.5,0,270,1.5,violin1,None,note,0
1077.0,1077.5,76,E5,0.5,0,270,2.0,violin1,None,note,0
1077.5,1078.0,79,G5,0.5,0,270,2.5,violin1,None,note,0
1078.0,1078.5,73,C#5,0.5,0,270,3.0,violin1,None,note,0
1078.5,1079.0,76,E5,0.5,0,270,3.5,violin1,None,note,0
1079.0,1079.5,69,A4,0.5,0,270,4.0,violin1,None,note,0
1079.5,1080.0,81,A5,0.5,0,270,4.5,violin1,None,note,0
1080.0,1081.0,77,F5,1.0,0,271,1.0,violin1,None,note,0
1081.0,1082.0,74,D5,1.0,0,271,2.0,violin1,None,note,0
1082.0,1083.0,71,B4,1.0,0,271,3.0,violin1,None,note,0
1083.5,1084.0,80,G#5,0.5,0,271,4.5,violin1,None,note,0
1084.0,1084.5,81,A5,0.5,0,272,1.0,violin1,None,note,0
1084.5,1085.0,84,C6,0.5,0,272,1.5,violin1,None,note,0
1085.0,1085.5,77,F5,0.5,0,272,2.0,violin1,None,note,0
1085.5,1086.0,81,A5,0.5,0,272,2.5,violin1,None,note,0
1086.0,1086.5,76,E5,0.5,0,272,3.0,violin1,None,note,0
1086.5,1087.0,81,A5,0.5,0,272,3.5,violin1,None,note,0
1087.0,1087.5,75,D#5,0.5,0,272,4.0,violin1,None,note,0
1087.5,1088.0,81,A5,0.5,0,272,4.5,violin1,None,note,0
1088.0,1088.5,80,G#5,0.5,0,273,1.0,violin1,None,note,0
1088.5,1089.0,83,B5,0.5,0,273,1.5,violin1,None,note,0
1089.0,1089.5,80,G#5,0.5,0,273,2.0,violin1,None,note,0
1089.5,1090.0,76,E5,0.5,0,273,2.5,violin1,None,note,0
1090.0,1090.5,75,D#5,0.5,0,273,3.0,violin1,None,note,0
1090.5,1091.0,76,E5,0.5,0,273,3.5,violin1,None,note,0
1091.0,1091.5,78,F#5,0.5,0,273,4.0,violin1,None,note,0
1091.5,1092.0,75,D#5,0.5,0,273,4.5,violin1,None,note,0
1092.0,1092.5,76,E5,0.5,0,274,1.0,violin1,None,note,0
1092.5,1093.0,83,B5,0.5,0,274,1.5,violin1,None,note,0
1093.0,1093.5,80,G#5,0.5,0,274,2.0,violin1,None,note,0
1093.5,1094.0,76,E5,0.5,0,274,2.5,violin1,None,note,0
1094.0,1094.5,75,D#5,0.5,0,274,3.0,violin1,None,note,0
1094.5,1095.0,76,E5,0.5,0,274,3.5,violin1,None,note,0
1095.0,1095.5,78,F#5,0.5,0,274,4.0,violin1,None,note,0
1095.5,1096.0,75,D#5,0.5,0,274,4.5,violin1,None,note,0
1096.0,1097.0,76,E5,1.0,0,275,1.0,violin1,None,note,0
1104.0,1104.5,76,E5,0.5,0,277,1.0,violin1,None,note,0
1104.5,1105.0,83,B5,0.5,0,277,1.5,violin1,None,note,0
1105.0,1105.5,80,G#5,0.5,0,277,2.0,violin1,None,note,0
1105.5,1106.0,75,D#5,0.5,0,277,2.5,violin1,None,note,0
1106.0,1106.5,76,E5,0.5,0,277,3.0,violin1,None,note,0
1106.5,1107.0,83,B5,0.5,0,277,3.5,violin1,None,note,0
1107.0,1107.5,80,G#5,0.5,0,277,4.0,violin1,None,note,0
1107.5,1108.0,75,D#5,0.5,0,277,4.5,violin1,None,note,0
1108.0,1108.5,76,E5,0.5,0,278,1.0,violin1,None,note,0
1108.5,1109.0,83,B5,0.5,0,278,1.5,violin1,None,note,0
1109.0,1109.5,80,G#5,0.5,0,278,2.0,violin1,None,note,0
1109.5,1110.0,75,D#5,0.5,0,278,2.5,violin1,None,note,0
1110.0,1110.5,76,E5,0.5,0,278,3.0,violin1,None,note,0
1110.5,1111.0,83,B5,0.5,0,278,3.5,violin1,None,note,0
1111.0,1111.5,80,G#5,0.5,0,278,4.0,violin1,None,note,0
1111.5,1112.0,75,D#5,0.5,0,278,4.5,violin1,None,note,0
1112.0,1112.5,76,E5,0.5,0,279,1.0,violin1,None,note,0
1112.5,1113.0,82,B-5,0.5,0,279,1.5,violin1,None,note,0
1113.0,1113.5,79,G5,0.5,0,279,2.0,violin1,None,note,0
1113.5,1114.0,75,D#5,0.5,0,279,2.5,violin1,None,note,0
1114.0,1114.5,76,E5,0.5,0,279,3.0,violin1,None,note,0
1114.5,1115.0,82,B-5,0.5,0,279,3.5,violin1,None,note,0
1115.0,1115.5,79,G5,0.5,0,279,4.0,violin1,None,note,0
1115.5,1116.0,75,D#5,0.5,0,279,4.5,violin1,None,note,0
1116.0,1116.5,76,E5,0.5,0,280,1.0,violin1,None,note,0
1116.5,1117.0,82,B-5,0.5,0,280,1.5,violin1,None,note,0
1117.0,1117.5,79,G5,0.5,0,280,2.0,violin1,None,note,0
1117.5,1118.0,75,D#5,0.5,0,280,2.5,violin1,None,note,0
1118.0,1118.5,72,C5,0.5,0,280,3.0,violin1,None,note,0
1118.5,1119.0,70,B-4,0.5,0,280,3.5,violin1,None,note,0
1119.0,1119.5,67,G4,0.5,0,280,4.0,violin1,None,note,0
1119.5,1120.0,64,E4,0.5,0,280,4.5,violin1,None,note,0
1120.0,1121.0,65,F4,1.0,0,281,1.0,violin1,None,note,0
1121.5,1121.6666666666667,60,C4,0.16666666666666666,0,281,2.5,violin1,None,note,0
1121.6666666666667,1121.8333333333335,62,D4,0.16666666666666666,0,281,2.6666666666666665,violin1,None,note,0
1121.8333333333333,1122.0,64,E4,0.16666666666666666,0,281,2.8333333333333335,violin1,None,note,0
1122.0,1123.0,65,F4,1.0,0,281,3.0,violin1,None,note,0
1123.5,1123.6666666666667,60,C4,0.16666666666666666,0,281,4.5,violin1,None,note,0
1123.6666666666667,1123.8333333333335,62,D4,0.16666666666666666,0,281,4.666666666666667,violin1,None,note,0
1123.8333333333333,1124.0,64,E4,0.16666666666666666,0,281,4.833333333333333,violin1,None,note,0
1124.0,1125.0,65,F4,1.0,0,282,1.0,violin1,None,note,0
1127.5,1128.0,77,F5,0.5,0,282,4.5,violin1,None,note,0
1128.0,1129.5,77,F5,1.5,0,283,1.0,violin1,None,note,0
1129.5,1130.0,76,E5,0.5,0,283,2.5,violin1,None,note,0
1130.0,1131.5,79,G5,1.5,0,283,3.0,violin1,None,note,0
1131.5,1132.0,77,F5,0.5,0,283,4.5,violin1,None,note,0
1132.0,1134.0,84,C6,2.0,0,284,1.0,violin1,None,note,0
1134.0,1135.0,82,B-5,1.0,0,284,3.0,violin1,None,note,0
1136.0,1137.0,60,C4,1.0,0,285,1.0,violin1,None,note,0
1137.5,1137.6666666666667,55,G3,0.16666666666666666,0,285,2.5,violin1,None,note,0
1137.6666666666667,1137.8333333333335,57,A3,0.16666666666666666,0,285,2.6666666666666665,violin1,None,note,0
1137.8333333333333,1138.0,59,B3,0.16666666666666666,0,285,2.8333333333333335,violin1,None,note,0
1138.0,1139.0,60,C4,1.0,0,285,3.0,violin1,None,note,0
1139.5,1139.6666666666667,55,G3,0.16666666666666666,0,285,4.5,violin1,None,note,0
1139.6666666666667,1139.8333333333335,57,A3,0.16666666666666666,0,285,4.666666666666667,violin1,None,note,0
1139.8333333333333,1140.0,59,B3,0.16666666666666666,0,285,4.833333333333333,violin1,None,note,0
1140.0,1141.0,60,C4,1.0,0,286,1.0,violin1,None,note,0
1144.0,1145.0,62,D4,1.0,0,287,1.0,violin1,None,note,0
1145.5,1145.6666666666667,57,A3,0.16666666666666666,0,287,2.5,violin1,None,note,0
1145.6666666666667,1145.8333333333335,59,B3,0.16666666666666666,0,287,2.6666666666666665,violin1,None,note,0
1145.8333333333333,1146.0,61,C#4,0.16666666666666666,0,287,2.8333333333333335,violin1,None,note,0
1146.0,1147.0,62,D4,1.0,0,287,3.0,violin1,None,note,0
1147.5,1147.6666666666667,57,A3,0.16666666666666666,0,287,4.5,violin1,None,note,0
1147.6666666666667,1147.8333333333335,59,B3,0.16666666666666666,0,287,4.666666666666667,violin1,None,note,0
1147.8333333333333,1148.0,61,C#4,0.16666666666666666,0,287,4.833333333333333,violin1,None,note,0
1148.0,1149.0,62,D4,1.0,0,288,1.0,violin1,None,note,0
1152.0,1153.0,64,E4,1.0,0,289,1.0,violin1,None,note,0
1153.5,1153.6666666666667,59,B3,0.16666666666666666,0,289,2.5,violin1,None,note,0
1153.6666666666667,1153.8333333333335,61,C#4,0.16666666666666666,0,289,2.6666666666666665,violin1,None,note,0
1153.8333333333333,1154.0,63,D#4,0.16666666666666666,0,289,2.8333333333333335,violin1,None,note,0
1154.0,1155.0,64,E4,1.0,0,289,3.0,violin1,None,note,0
1155.5,1155.6666666666667,59,B3,0.16666666666666666,0,289,4.5,violin1,None,note,0
1155.6666666666667,1155.8333333333335,61,C#4,0.16666666666666666,0,289,4.666666666666667,violin1,None,note,0
1155.8333333333333,1156.0,63,D#4,0.16666666666666666,0,289,4.833333333333333,violin1,None,note,0
1156.0,1157.0,64,E4,1.0,0,290,1.0,violin1,None,note,0
1160.0,1161.0,57,A3,1.0,0,291,1.0,violin1,None,note,0
1161.5,1161.6666666666667,80,G#5,0.16666666666666666,0,291,2.5,violin1,None,note,0
1161.6666666666667,1161.8333333333335,81,A5,0.16666666666666666,0,291,2.6666666666666665,violin1,None,note,0
1161.8333333333333,1162.0,83,B5,0.16666666666666666,0,291,2.8333333333333335,violin1,None,note,0
1162.0,1163.0,84,C6,1.0,0,291,3.0,violin1,None,note,0
1163.5,1163.625,81,A5,0.125,0,291,4.5,violin1,None,note,0
1163.625,1163.75,79,G5,0.125,0,291,4.625,violin1,None,note,0
1163.75,1163.875,78,F#5,0.125,0,291,4.75,violin1,None,note,0
1163.875,1164.0,76,E5,0.125,0,291,4.875,violin1,None,note,0
1164.0,1165.0,75,D#5,1.0,0,292,1.0,violin1,None,note,0
1165.5,1165.6666666666667,78,F#5,0.16666666666666666,0,292,2.5,violin1,None,note,0
1165.6666666666667,1165.8333333333335,79,G5,0.16666666666666666,0,292,2.6666666666666665,violin1,None,note,0
1165.8333333333333,1166.0,81,A5,0.16666666666666666,0,292,2.8333333333333335,violin1,None,note,0
1166.0,1167.0,83,B5,1.0,0,292,3.0,violin1,None,note,0
1167.5,1167.6666666666667,83,B5,0.16666666666666666,0,292,4.5,violin1,None,note,0
1167.6666666666667,1167.8333333333335,85,C#6,0.16666666666666666,0,292,4.666666666666667,violin1,None,note,0
1167.8333333333333,1168.0,87,D#6,0.16666666666666666,0,292,4.833333333333333,violin1,None,note,0
1168.0,1169.0,88,E6,1.0,0,293,1.0,violin1,None,note,0
1169.5,1169.6666666666667,78,F#5,0.16666666666666666,0,293,2.5,violin1,None,note,0
1169.6666666666667,1169.8333333333335,79,G5,0.16666666666666666,0,293,2.6666666666666665,violin1,None,note,0
1169.8333333333333,1170.0,81,A5,0.16666666666666666,0,293,2.8333333333333335,violin1,None,note,0
1170.0,1171.0,82,B-5,1.0,0,293,3.0,violin1,None,note,0
1171.5,1171.625,79,G5,0.125,0,293,4.5,violin1,None,note,0
1171.625,1171.75,77,F5,0.125,0,293,4.625,violin1,None,note,0
1171.75,1171.875,76,E5,0.125,0,293,4.75,violin1,None,note,0
1171.875,1172.0,74,D5,0.125,0,293,4.875,violin1,None,note,0
1172.0,1173.0,73,C#5,1.0,0,294,1.0,violin1,None,note,0
1173.5,1173.6666666666667,76,E5,0.16666666666666666,0,294,2.5,violin1,None,note,0
1173.6666666666667,1173.8333333333335,77,F5,0.16666666666666666,0,294,2.6666666666666665,violin1,None,note,0
1173.8333333333333,1174.0,79,G5,0.16666666666666666,0,294,2.8333333333333335,violin1,None,note,0
1174.0,1175.0,81,A5,1.0,0,294,3.0,violin1,None,note,0
1175.5,1175.6666666666667,81,A5,0.16666666666666666,0,294,4.5,violin1,None,note,0
1175.6666666666667,1175.8333333333335,83,B5,0.16666666666666666,0,294,4.666666666666667,violin1,None,note,0
1175.8333333333333,1176.0,85,C#6,0.16666666666666666,0,294,4.833333333333333,violin1,None,note,0
1176.0,1177.0,86,D6,1.0,0,295,1.0,violin1,None,note,0
1177.5,1177.6666666666667,76,E5,0.16666666666666666,0,295,2.5,violin1,None,note,0
1177.6666666666667,1177.8333333333335,77,F5,0.16666666666666666,0,295,2.6666666666666665,violin1,None,note,0
1177.8333333333333,1178.0,79,G5,0.16666666666666666,0,295,2.8333333333333335,violin1,None,note,0
1178.0,1179.0,80,A-5,1.0,0,295,3.0,violin1,None,note,0
1179.5,1179.625,77,F5,0.125,0,295,4.5,violin1,None,note,0
1179.625,1179.75,75,E-5,0.125,0,295,4.625,violin1,None,note,0
1179.75,1179.875,74,D5,0.125,0,295,4.75,violin1,None,note,0
1179.875,1180.0,72,C5,0.125,0,295,4.875,violin1,None,note,0
1180.0,1181.0,71,B4,1.0,0,296,1.0,violin1,None,note,0
1181.5,1181.6666666666667,74,D5,0.16666666666666666,0,296,2.5,violin1,None,note,0
1181.6666666666667,1181.8333333333335,76,E5,0.16666666666666666,0,296,2.6666666666666665,violin1,None,note,0
1181.8333333333333,1182.0,78,F#5,0.16666666666666666,0,296,2.8333333333333335,violin1,None,note,0
1182.0,1183.0,79,G5,1.0,0,296,3.0,violin1,None,note,0
1183.5,1183.6666666666667,79,G5,0.16666666666666666,0,296,4.5,violin1,None,note,0
1183.6666666666667,1183.8333333333335,81,A5,0.16666666666666666,0,296,4.666666666666667,violin1,None,note,0
1183.8333333333333,1184.0,83,B5,0.16666666666666666,0,296,4.833333333333333,violin1,None,note,0
1184.0,1185.0,84,C6,1.0,0,297,1.0,violin1,None,note,0
1185.5,1185.6666666666667,79,G5,0.16666666666666666,0,297,2.5,violin1,None,note,0
1185.6666666666667,1185.8333333333335,81,A5,0.16666666666666666,0,297,2.6666666666666665,violin1,None,note,0
1185.8333333333333,1186.0,83,B5,0.16666666666666666,0,297,2.8333333333333335,violin1,None,note,0
1186.0,1187.0,84,C6,1.0,0,297,3.0,violin1,None,note,0
1187.5,1187.625,84,C6,0.125,0,297,4.5,violin1,None,note,0
1187.625,1187.75,82,B-5,0.125,0,297,4.625,violin1,None,note,0
1187.75,1187.875,80,A-5,0.125,0,297,4.75,violin1,None,note,0
1187.875,1188.0,79,G5,0.125,0,297,4.875,violin1,None,note,0
1188.0,1189.0,78,F#5,1.0,0,298,1.0,violin1,None,note,0
1189.5,1189.6666666666667,83,B5,0.16666666666666666,0,298,2.5,violin1,None,note,0
1189.6666666666667,1189.8333333333335,84,C6,0.16666666666666666,0,298,2.6666666666666665,violin1,None,note,0
1189.8333333333333,1190.0,86,D6,0.16666666666666666,0,298,2.8333333333333335,violin1,None,note,0
1190.0,1191.0,87,E-6,1.0,0,298,3.0,violin1,None,note,0
1191.5,1191.6666666666667,75,E-5,0.16666666666666666,0,298,4.5,violin1,None,note,0
1191.6666666666667,1191.8333333333335,74,D5,0.16666666666666666,0,298,4.666666666666667,violin1,None,note,0
1191.8333333333333,1192.0,72,C5,0.16666666666666666,0,298,4.833333333333333,violin1,None,note,0
1192.0,1193.0,71,B4,1.0,0,299,1.0,violin1,None,note,0
1193.0,1194.0,86,D6,1.0,0,299,2.0,violin1,None,note,0
1195.0,1196.0,62,D4,1.0,0,299,4.0,violin1,None,chord,0
1195.0,1196.0,69,A4,1.0,0,299,4.0,violin1,None,chord,0
1195.0,1196.0,78,F#5,1.0,0,299,4.0,violin1,None,chord,0
1196.0,1197.0,62,D4,1.0,0,300,1.0,violin1,None,chord,0
1196.0,1197.0,71,B4,1.0,0,300,1.0,violin1,None,chord,0
1196.0,1197.0,79,G5,1.0,0,300,1.0,violin1,None,chord,0
1197.0,1198.0,86,D6,1.0,0,300,2.0,violin1,None,note,0
1199.0,1200.0,62,D4,1.0,0,300,4.0,violin1,None,chord,0
1199.0,1200.0,69,A4,1.0,0,300,4.0,violin1,None,chord,0
1199.0,1200.0,78,F#5,1.0,0,300,4.0,violin1,None,chord,0
1200.0,1200.5,79,G5,0.5,0,301,1.0,violin1,None,note,0
1200.5,1201.0,86,D6,0.5,0,301,1.5,violin1,None,note,0
1201.0,1201.5,83,B5,0.5,0,301,2.0,violin1,None,note,0
1201.5,1202.0,79,G5,0.5,0,301,2.5,violin1,None,note,0
1202.0,1202.5,78,F#5,0.5,0,301,3.0,violin1,None,note,0
1202.5,1203.0,79,G5,0.5,0,301,3.5,violin1,None,note,0
1203.0,1203.5,81,A5,0.5,0,301,4.0,violin1,None,note,0
1203.5,1204.0,83,B5,0.5,0,301,4.5,violin1,None,note,0
1204.0,1204.5,79,G5,0.5,0,302,1.0,violin1,None,note,0
1204.5,1205.0,86,D6,0.5,0,302,1.5,violin1,None,note,0
1205.0,1205.5,83,B5,0.5,0,302,2.0,violin1,None,note,0
1205.5,1206.0,79,G5,0.5,0,302,2.5,violin1,None,note,0
1206.0,1206.5,78,F#5,0.5,0,302,3.0,violin1,None,note,0
1206.5,1207.0,79,G5,0.5,0,302,3.5,violin1,None,note,0
1207.0,1207.5,81,A5,0.5,0,302,4.0,violin1,None,note,0
1207.5,1208.0,83,B5,0.5,0,302,4.5,violin1,None,note,0
1208.0,1209.0,79,G5,1.0,0,303,1.0,violin1,None,note,0
1227.5,1228.0,72,C5,0.5,0,307,4.5,violin1,None,note,0
1228.0,1228.5,71,B4,0.5,0,308,1.0,violin1,None,note,0
1228.5,1229.0,69,A4,0.5,0,308,1.5,violin1,None,note,0
1229.0,1229.5,67,G4,0.5,0,308,2.0,violin1,None,note,0
1229.5,1230.0,65,F4,0.5,0,308,2.5,violin1,None,note,0
1230.0,1230.5,64,E4,0.5,0,308,3.0,violin1,None,note,0
1230.5,1231.0,62,D4,0.5,0,308,3.5,violin1,None,note,0
1231.0,1231.5,60,C4,0.5,0,308,4.0,violin1,None,note,0
1231.5,1232.0,59,B3,0.5,0,308,4.5,violin1,None,note,0
1232.0,1233.0,60,C4,1.0,0,309,1.0,violin1,None,note,0
1233.5,1233.6666666666667,55,G3,0.16666666666666666,0,309,2.5,violin1,None,note,0
1233.6666666666667,1233.8333333333335,57,A3,0.16666666666666666,0,309,2.6666666666666665,violin1,None,note,0
1233.8333333333333,1234.0,59,B3,0.16666666666666666,0,309,2.8333333333333335,violin1,None,note,0
1234.0,1235.0,60,C4,1.0,0,309,3.0,violin1,None,note,0
1235.5,1235.6666666666667,55,G3,0.16666666666666666,0,309,4.5,violin1,None,note,0
1235.6666666666667,1235.8333333333335,57,A3,0.16666666666666666,0,309,4.666666666666667,violin1,None,note,0
1235.8333333333333,1236.0,59,B3,0.16666666666666666,0,309,4.833333333333333,violin1,None,note,0
1236.0,1237.0,60,C4,1.0,0,310,1.0,violin1,None,note,0
1239.5,1240.0,72,C5,0.5,0,310,4.5,violin1,None,note,0
1240.0,1241.5,72,C5,1.5,0,311,1.0,violin1,None,note,0
1241.5,1242.0,71,B4,0.5,0,311,2.5,violin1,None,note,0
1242.0,1243.5,74,D5,1.5,0,311,3.0,violin1,None,note,0
1243.5,1244.0,72,C5,0.5,0,311,4.5,violin1,None,note,0
1244.0,1246.0,79,G5,2.0,0,312,1.0,violin1,None,note,0
1246.0,1247.0,77,F5,1.0,0,312,3.0,violin1,None,note,0
1248.0,1249.0,55,G3,1.0,0,313,1.0,violin1,None,chord,0
1248.0,1249.0,67,G4,1.0,0,313,1.0,violin1,None,chord,0
1249.5,1249.6666666666667,62,D4,0.16666666666666666,0,313,2.5,violin1,None,note,0
1249.6666666666667,1249.8333333333335,64,E4,0.16666666666666666,0,313,2.6666666666666665,violin1,None,note,0
1249.8333333333333,1250.0,66,F#4,0.16666666666666666,0,313,2.8333333333333335,violin1,None,note,0
1250.0,1251.0,67,G4,1.0,0,313,3.0,violin1,None,note,0
1251.5,1251.6666666666667,62,D4,0.16666666666666666,0,313,4.5,violin1,None,note,0
1251.6666666666667,1251.8333333333335,64,E4,0.16666666666666666,0,313,4.666666666666667,violin1,None,note,0
1251.8333333333333,1252.0,66,F#4,0.16666666666666666,0,313,4.833333333333333,violin1,None,note,0
1252.0,1253.0,67,G4,1.0,0,314,1.0,violin1,None,note,0
1255.5,1256.0,74,D5,0.5,0,314,4.5,violin1,None,note,0
1256.0,1257.5,74,D5,1.5,0,315,1.0,violin1,None,note,0
1257.5,1258.0,72,C5,0.5,0,315,2.5,violin1,None,note,0
1258.0,1259.5,79,G5,1.5,0,315,3.0,violin1,None,note,0
1259.5,1260.0,77,F5,0.5,0,315,4.5,violin1,None,note,0
1260.0,1262.0,81,A5,2.0,0,316,1.0,violin1,None,note,0
1262.0,1263.0,79,G5,1.0,0,316,3.0,violin1,None,note,0
1264.0,1265.0,67,G4,1.0,0,317,1.0,violin1,None,chord,0
1264.0,1265.0,76,E5,1.0,0,317,1.0,violin1,None,chord,0
1264.0,1265.0,84,C6,1.0,0,317,1.0,violin1,None,chord,0
1267.0,1268.0,67,G4,1.0,0,317,4.0,violin1,None,chord,0
1267.0,1268.0,76,E5,1.0,0,317,4.0,violin1,None,chord,0
1267.0,1268.0,84,C6,1.0,0,317,4.0,violin1,None,chord,0
1268.0,1269.0,65,F4,1.0,0,318,1.0,violin1,None,chord,0
1268.0,1269.0,72,C5,1.0,0,318,1.0,violin1,None,chord,0
1268.0,1269.0,81,A5,1.0,0,318,1.0,violin1,None,chord,0
1271.0,1272.0,69,A4,1.0,0,318,4.0,violin1,None,chord,0
1271.0,1272.0,77,F5,1.0,0,318,4.0,violin1,None,chord,0
1272.0,1273.0,59,B3,1.0,0,319,1.0,violin1,None,chord,0
1272.0,1273.0,67,G4,1.0,0,319,1.0,violin1,None,chord,0
1272.0,1273.0,74,D5,1.0,0,319,1.0,violin1,None,chord,0
1275.0,1276.0,62,D4,1.0,0,319,4.0,violin1,None,chord,0
1275.0,1276.0,71,B4,1.0,0,319,4.0,violin1,None,chord,0
1275.0,1276.0,79,G5,1.0,0,319,4.0,violin1,None,chord,0
1276.0,1277.0,64,E4,1.0,0,320,1.0,violin1,None,chord,0
1276.0,1277.0,72,C5,1.0,0,320,1.0,violin1,None,chord,0
1276.0,1277.0,76,E5,1.0,0,320,1.0,violin1,None,chord,0
1279.0,1280.0,67,G4,1.0,0,320,4.0,violin1,None,chord,0
1279.0,1280.0,76,E5,1.0,0,320,4.0,violin1,None,chord,0
1279.0,1280.0,84,C6,1.0,0,320,4.0,violin1,None,chord,0
1280.0,1281.0,65,F4,1.0,0,321,1.0,violin1,None,chord,0
1280.0,1281.0,72,C5,1.0,0,321,1.0,violin1,None,chord,0
1280.0,1281.0,81,A5,1.0,0,321,1.0,violin1,None,chord,0
1283.0,1284.0,69,A4,1.0,0,321,4.0,violin1,None,chord,0
1283.0,1284.0,77,F5,1.0,0,321,4.0,violin1,None,chord,0
1284.0,1285.0,59,B3,1.0,0,322,1.0,violin1,None,chord,0
1284.0,1285.0,67,G4,1.0,0,322,1.0,violin1,None,chord,0
1284.0,1285.0,74,D5,1.0,0,322,1.0,violin1,None,chord,0
1287.0,1288.0,62,D4,1.0,0,322,4.0,violin1,None,chord,0
1287.0,1288.0,71,B4,1.0,0,322,4.0,violin1,None,chord,0
1287.0,1288.0,79,G5,1.0,0,322,4.0,violin1,None,chord,0
1288.0,1289.0,72,C5,1.0,0,323,1.0,violin1,None,chord,0
1288.0,1289.0,76,E5,1.0,0,323,1.0,violin1,None,chord,0
1289.0,1290.0,67,G4,1.0,0,323,2.0,violin1,None,chord,0
1289.0,1290.0,76,E5,1.0,0,323,2.0,violin1,None,chord,0
1289.0,1290.0,84,C6,1.0,0,323,2.0,violin1,None,chord,0
1291.0,1292.0,67,G4,1.0,0,323,4.0,violin1,None,chord,0
1291.0,1292.0,74,D5,1.0,0,323,4.0,violin1,None,chord,0
1291.0,1292.0,83,B5,1.0,0,323,4.0,violin1,None,chord,0
1293.0,1294.0,67,G4,1.0,0,324,2.0,violin1,None,chord,0
1293.0,1294.0,76,E5,1.0,0,324,2.0,violin1,None,chord,0
1293.0,1294.0,84,C6,1.0,0,324,2.0,violin1,None,chord,0
1295.0,1296.0,67,G4,1.0,0,324,4.0,violin1,None,chord,0
1295.0,1296.0,74,D5,1.0,0,324,4.0,violin1,None,chord,0
1295.0,1296.0,83,B5,1.0,0,324,4.0,violin1,None,chord,0
1296.0,1297.0,67,G4,1.0,0,325,1.0,violin1,None,chord,0
1296.0,1297.0,76,E5,1.0,0,325,1.0,violin1,None,chord,0
1296.0,1297.0,84,C6,1.0,0,325,1.0,violin1,None,chord,0
1297.0,1298.0,79,G5,1.0,0,325,2.0,violin1,None,note,0
1298.0,1299.0,84,C6,1.0,0,325,3.0,violin1,None,note,0
1299.0,1300.0,79,G5,1.0,0,325,4.0,violin1,None,note,0
1300.0,1301.0,84,C6,1.0,0,326,1.0,violin1,None,note,0
1301.0,1302.0,79,G5,1.0,0,326,2.0,violin1,None,note,0
1302.0,1303.0,76,E5,1.0,0,326,3.0,violin1,None,note,0
1303.0,1304.0,72,C5,1.0,0,326,4.0,violin1,None,note,0
1304.0,1305.0,67,G4,1.0,0,327,1.0,violin1,None,note,0
1305.5,1306.0,83,B5,0.5,0,327,2.5,violin1,None,note,0
1306.0,1307.0,84,C6,1.0,0,327,3.0,violin1,None,note,0
1307.5,1308.0,84,C6,0.5,0,327,4.5,violin1,None,note,0
1308.0,1309.0,83,B5,1.0,0,328,1.0,violin1,None,note,0
1309.5,1310.0,83,B5,0.5,0,328,2.5,violin1,None,note,0
1310.0,1311.0,84,C6,1.0,0,328,3.0,violin1,None,note,0
1311.5,1312.0,84,C6,0.5,0,328,4.5,violin1,None,note,0
1312.0,1312.5,83,B5,0.5,0,329,1.0,violin1,None,note,0
1312.5,1313.0,84,C6,0.5,0,329,1.5,violin1,None,note,0
1313.0,1313.5,83,B5,0.5,0,329,2.0,violin1,None,note,0
1313.5,1314.0,84,C6,0.5,0,329,2.5,violin1,None,note,0
1314.0,1314.5,83,B5,0.5,0,329,3.0,violin1,None,note,0
1314.5,1315.0,84,C6,0.5,0,329,3.5,violin1,None,note,0
1315.0,1315.5,83,B5,0.5,0,329,4.0,violin1,None,note,0
1315.5,1316.0,84,C6,0.5,0,329,4.5,violin1,None,note,0
1316.0,1317.0,83,B5,1.0,0,330,1.0,violin1,None,note,0
1317.0,1318.0,62,D4,1.0,0,330,2.0,violin1,None,chord,0
1317.0,1318.0,71,B4,1.0,0,330,2.0,violin1,None,chord,0
1317.0,1318.0,79,G5,1.0,0,330,2.0,violin1,None,chord,0
1318.0,1319.0,55,G3,1.0,0,330,3.0,violin1,None,chord,0
1318.0,1319.0,67,G4,1.0,0,330,3.0,violin1,None,chord,0
1319.0,1320.0,55,G3,1.0,0,330,4.0,violin1,None,chord,0
1319.0,1320.0,67,G4,1.0,0,330,4.0,violin1,None,chord,0
1320.0,1324.0,55,G3,4.0,0,331,1.0,violin1,None,chord,0
1320.0,1324.0,67,G4,4.0,0,331,1.0,violin1,None,chord,0
1324.0,1325.0,60,C4,1.0,0,332,1.0,violin1,None,note,0
1325.5,1325.6666666666667,55,G3,0.16666666666666666,0,332,2.5,violin1,None,note,0
1325.6666666666667,1325.8333333333335,57,A3,0.16666666666666666,0,332,2.6666666666666665,violin1,None,note,0
1325.8333333333333,1326.0,59,B3,0.16666666666666666,0,332,2.8333333333333335,violin1,None,note,0
1326.0,1327.0,60,C4,1.0,0,332,3.0,violin1,None,note,0
1327.5,1327.6666666666667,55,G3,0.16666666666666666,0,332,4.5,violin1,None,note,0
1327.6666666666667,1327.8333333333335,57,A3,0.16666666666666666,0,332,4.666666666666667,violin1,None,note,0
1327.8333333333333,1328.0,59,B3,0.16666666666666666,0,332,4.833333333333333,violin1,None,note,0
1328.0,1329.0,60,C4,1.0,0,333,1.0,violin1,None,note,0
1331.5,1332.0,75,E-5,0.5,0,333,4.5,violin1,None,note,0
1332.0,1333.5,75,E-5,1.5,0,334,1.0,violin1,None,note,0
1333.5,1334.0,74,D5,0.5,0,334,2.5,violin1,None,note,0
1334.0,1335.5,77,F5,1.5,0,334,3.0,violin1,None,note,0
1335.5,1336.0,75,E-5,0.5,0,334,4.5,violin1,None,note,0
1336.0,1338.0,82,B-5,2.0,0,335,1.0,violin1,None,note,0
1338.0,1339.0,80,A-5,1.0,0,335,3.0,violin1,None,note,0
1340.0,1341.0,70,B-4,1.0,0,336,1.0,violin1,None,note,0
1341.5,1341.6666666666667,65,F4,0.16666666666666666,0,336,2.5,violin1,None,note,0
1341.6666666666667,1341.8333333333335,67,G4,0.16666666666666666,0,336,2.6666666666666665,violin1,None,note,0
1341.8333333333333,1342.0,69,A4,0.16666666666666666,0,336,2.8333333333333335,violin1,None,note,0
1342.0,1343.0,70,B-4,1.0,0,336,3.0,violin1,None,note,0
1343.5,1343.6666666666667,65,F4,0.16666666666666666,0,336,4.5,violin1,None,note,0
1343.6666666666667,1343.8333333333335,67,G4,0.16666666666666666,0,336,4.666666666666667,violin1,None,note,0
1343.8333333333333,1344.0,69,A4,0.16666666666666666,0,336,4.833333333333333,violin1,None,note,0
1344.0,1345.0,70,B-4,1.0,0,337,1.0,violin1,None,note,0
1347.5,1348.0,77,F5,0.5,0,337,4.5,violin1,None,note,0
1348.0,1349.5,77,F5,1.5,0,338,1.0,violin1,None,note,0
1349.5,1350.0,76,E5,0.5,0,338,2.5,violin1,None,note,0
1350.0,1351.5,79,G5,1.5,0,338,3.0,violin1,None,note,0
1351.5,1352.0,77,F5,0.5,0,338,4.5,violin1,None,note,0
1352.0,1354.0,84,C6,2.0,0,339,1.0,violin1,None,note,0
1354.0,1354.5,82,B-5,0.5,0,339,3.0,violin1,None,note,0
1355.0,1355.5,79,G5,0.5,0,339,4.0,violin1,None,note,0
1356.0,1358.0,82,B-5,2.0,0,340,1.0,violin1,None,note,0
1358.0,1358.5,80,A-5,0.5,0,340,3.0,violin1,None,note,0
1359.0,1359.5,77,F5,0.5,0,340,4.0,violin1,None,note,0
1360.0,1362.0,80,A-5,2.0,0,341,1.0,violin1,None,note,0
1362.0,1362.5,79,G5,0.5,0,341,3.0,violin1,None,note,0
1363.0,1363.5,75,E-5,0.5,0,341,4.0,violin1,None,note,0
1364.0,1366.0,79,G5,2.0,0,342,1.0,violin1,None,note,0
1366.0,1366.5,77,F5,0.5,0,342,3.0,violin1,None,note,0
1367.0,1367.5,74,D5,0.5,0,342,4.0,violin1,None,note,0
1368.0,1370.0,77,F5,2.0,0,343,1.0,violin1,None,note,0
1370.0,1370.5,75,E-5,0.5,0,343,3.0,violin1,None,note,0
1371.0,1371.5,74,D5,0.5,0,343,4.0,violin1,None,note,0
1372.0,1376.0,72,C5,4.0,0,344,1.0,violin1,None,note,0
1376.0,1377.0,62,D4,1.0,0,345,1.0,violin1,None,chord,0
1376.0,1377.0,71,B4,1.0,0,345,1.0,violin1,None,chord,0
1376.0,1377.0,79,G5,1.0,0,345,1.0,violin1,None,chord,0
1377.5,1377.6666666666667,62,D4,0.16666666666666666,0,345,2.5,violin1,None,note,0
1377.6666666666667,1377.8333333333335,64,E4,0.16666666666666666,0,345,2.6666666666666665,violin1,None,note,0
1377.8333333333333,1378.0,66,F#4,0.16666666666666666,0,345,2.8333333333333335,violin1,None,note,0
1378.0,1379.0,67,G4,1.0,0,345,3.0,violin1,None,note,0
1379.5,1379.6666666666667,62,D4,0.16666666666666666,0,345,4.5,violin1,None,note,0
1379.6666666666667,1379.8333333333335,64,E4,0.16666666666666666,0,345,4.666666666666667,violin1,None,note,0
1379.8333333333333,1380.0,66,F#4,0.16666666666666666,0,345,4.833333333333333,violin1,None,note,0
1380.0,1381.0,67,G4,1.0,0,346,1.0,violin1,None,note,0
1383.5,1384.0,79,G5,0.5,0,346,4.5,violin1,None,note,0
1384.0,1385.5,81,A5,1.5,0,347,1.0,violin1,None,note,0
1385.5,1386.0,79,G5,0.5,0,347,2.5,violin1,None,note,0
1386.0,1387.5,83,B5,1.5,0,347,3.0,violin1,None,note,0
1387.5,1388.0,81,A5,0.5,0,347,4.5,violin1,None,note,0
1388.0,1390.0,84,C6,2.0,0,348,1.0,violin1,None,note,0
1390.0,1391.0,83,B5,1.0,0,348,3.0,violin1,None,note,0
1391.5,1392.0,80,G#5,0.5,0,348,4.5,violin1,None,note,0
1392.0,1393.5,83,B5,1.5,0,349,1.0,violin1,None,note,0
1393.5,1394.0,81,A5,0.5,0,349,2.5,violin1,None,note,0
1394.0,1395.5,84,C6,1.5,0,349,3.0,violin1,None,note,0
1395.5,1396.0,83,B5,0.5,0,349,4.5,violin1,None,note,0
1396.0,1398.0,86,D6,2.0,0,350,1.0,violin1,None,note,0
1398.0,1399.0,84,C6,1.0,0,350,3.0,violin1,None,note,0
1399.5,1400.0,82,A#5,0.5,0,350,4.5,violin1,None,note,0
1400.0,1401.5,84,C6,1.5,0,351,1.0,violin1,None,note,0
1401.5,1402.0,83,B5,0.5,0,351,2.5,violin1,None,note,0
1402.0,1403.5,86,D6,1.5,0,351,3.0,violin1,None,note,0
1403.5,1404.0,85,C#6,0.5,0,351,4.5,violin1,None,note,0
1404.0,1406.0,88,E6,2.0,0,352,1.0,violin1,None,note,0
1406.0,1407.0,86,D6,1.0,0,352,3.0,violin1,None,note,0
1407.5,1408.0,83,B5,0.5,0,352,4.5,violin1,None,note,0
1408.0,1410.0,86,D6,2.0,0,353,1.0,violin1,None,note,0
1410.0,1411.0,84,C6,1.0,0,353,3.0,violin1,None,note,0
1411.5,1412.0,82,A#5,0.5,0,353,4.5,violin1,None,note,0
1412.0,1414.0,84,C6,2.0,0,354,1.0,violin1,None,note,0
1414.0,1415.0,83,B5,1.0,0,354,3.0,violin1,None,note,0
1415.5,1416.0,79,G5,0.5,0,354,4.5,violin1,None,note,0
1416.0,1417.0,78,F#5,1.0,0,355,1.0,violin1,None,note,0
1417.0,1418.0,79,G5,1.0,0,355,2.0,violin1,None,note,0
1418.0,1419.0,78,F#5,1.0,0,355,3.0,violin1,None,note,0
1419.0,1420.0,79,G5,1.0,0,355,4.0,violin1,None,note,0
1420.0,1421.0,78,F#5,1.0,0,356,1.0,violin1,None,note,0
1421.0,1422.0,84,C6,1.0,0,356,2.0,violin1,None,note,0
1422.0,1423.0,81,A5,1.0,0,356,3.0,violin1,None,note,0
1423.0,1424.0,78,F#5,1.0,0,356,4.0,violin1,None,note,0
1424.0,1425.0,79,G5,1.0,0,357,1.0,violin1,None,note,0
1427.0,1428.0,67,G4,1.0,0,357,4.0,violin1,None,chord,0
1427.0,1428.0,74,D5,1.0,0,357,4.0,violin1,None,chord,0
1427.0,1428.0,83,B5,1.0,0,357,4.0,violin1,None,chord,0
1428.0,1429.0,67,G4,1.0,0,358,1.0,violin1,None,chord,0
1428.0,1429.0,76,E5,1.0,0,358,1.0,violin1,None,chord,0
1428.0,1429.0,84,C6,1.0,0,358,1.0,violin1,None,chord,0
1431.0,1432.0,64,E4,1.0,0,358,4.0,violin1,None,chord,0
1431.0,1432.0,72,C5,1.0,0,358,4.0,violin1,None,chord,0
1431.0,1432.0,76,E5,1.0,0,358,4.0,violin1,None,chord,0
1432.0,1433.0,62,D4,1.0,0,359,1.0,violin1,None,chord,0
1432.0,1433.0,71,B4,1.0,0,359,1.0,violin1,None,chord,0
1432.0,1433.0,79,G5,1.0,0,359,1.0,violin1,None,chord,0
1435.0,1436.0,67,G4,1.0,0,359,4.0,violin1,None,chord,0
1435.0,1436.0,74,D5,1.0,0,359,4.0,violin1,None,chord,0
1435.0,1436.0,83,B5,1.0,0,359,4.0,violin1,None,chord,0
1436.0,1437.0,67,G4,1.0,0,360,1.0,violin1,None,chord,0
1436.0,1437.0,76,E5,1.0,0,360,1.0,violin1,None,chord,0
1436.0,1437.0,84,C6,1.0,0,360,1.0,violin1,None,chord,0
1439.0,1440.0,64,E4,1.0,0,360,4.0,violin1,None,chord,0
1439.0,1440.0,72,C5,1.0,0,360,4.0,violin1,None,chord,0
1439.0,1440.0,76,E5,1.0,0,360,4.0,violin1,None,chord,0
1440.0,1441.0,62,D4,1.0,0,361,1.0,violin1,None,chord,0
1440.0,1441.0,71,B4,1.0,0,361,1.0,violin1,None,chord,0
1440.0,1441.0,79,G5,1.0,0,361,1.0,violin1,None,chord,0
1441.0,1442.0,67,G4,1.0,0,361,2.0,violin1,None,chord,0
1441.0,1442.0,74,D5,1.0,0,361,2.0,violin1,None,chord,0
1441.0,1442.0,83,B5,1.0,0,361,2.0,violin1,None,chord,0
1443.0,1444.0,67,G4,1.0,0,361,4.0,violin1,None,chord,0
1443.0,1444.0,76,E5,1.0,0,361,4.0,violin1,None,chord,0
1443.0,1444.0,84,C6,1.0,0,361,4.0,violin1,None,chord,0
1445.0,1446.0,67,G4,1.0,0,362,2.0,violin1,None,chord,0
1445.0,1446.0,74,D5,1.0,0,362,2.0,violin1,None,chord,0
1445.0,1446.0,83,B5,1.0,0,362,2.0,violin1,None,chord,0
1447.0,1448.0,67,G4,1.0,0,362,4.0,violin1,None,chord,0
1447.0,1448.0,76,E5,1.0,0,362,4.0,violin1,None,chord,0
1447.0,1448.0,84,C6,1.0,0,362,4.0,violin1,None,chord,0
1448.0,1449.0,67,G4,1.0,0,363,1.0,violin1,None,chord,0
1448.0,1449.0,74,D5,1.0,0,363,1.0,violin1,None,chord,0
1448.0,1449.0,83,B5,1.0,0,363,1.0,violin1,None,chord,0
1452.0,1455.0,72,C5,3.0,0,364,1.0,violin1,None,note,0
1455.0,1456.0,73,C#5,1.0,0,364,4.0,violin1,None,note,0
1456.0,1457.0,74,D5,1.0,0,365,1.0,violin1,None,note,0
1461.0,1461.75,77,F5,0.75,0,366,2.0,violin1,None,note,0
1461.75,1462.0,74,D5,0.25,0,366,2.75,violin1,None,note,0
1462.0,1462.5,83,B5,0.5,0,366,3.0,violin1,None,note,0
1463.0,1463.5,83,B5,0.5,0,366,4.0,violin1,None,note,0
1464.0,1465.5,84,C6,1.5,0,367,1.0,violin1,None,note,0
1465.5,1465.75,83,B5,0.25,0,367,2.5,violin1,None,note,0
1465.75,1466.0,81,A5,0.25,0,367,2.75,violin1,None,note,0
1466.0,1466.5,79,G5,0.5,0,367,3.0,violin1,None,note,0
1467.0,1467.75,79,G5,0.75,0,367,4.0,violin1,None,note,0
1467.75,1468.0,81,A5,0.25,0,367,4.75,violin1,None,note,0
1468.0,1468.5,77,F5,0.5,0,368,1.0,violin1,None,note,0
1469.0,1469.75,77,F5,0.75,0,368,2.0,violin1,None,note,0
1469.75,1470.0,79,G5,0.25,0,368,2.75,violin1,None,note,0
1470.0,1470.5,76,E5,0.5,0,368,3.0,violin1,None,note,0
1471.0,1471.75,76,E5,0.75,0,368,4.0,violin1,None,note,0
1471.75,1472.0,77,F5,0.25,0,368,4.75,violin1,None,note,0
1472.0,1472.5,74,D5,0.5,0,369,1.0,violin1,None,note,0
1472.5,1473.0,76,E5,0.5,0,369,1.5,violin1,None,note,0
1473.0,1473.5,77,F5,0.5,0,369,2.0,violin1,None,note,0
1473.5,1474.0,78,F#5,0.5,0,369,2.5,violin1,None,note,0
1474.0,1474.5,79,G5,0.5,0,369,3.0,violin1,None,note,0
1474.5,1475.0,76,E5,0.5,0,369,3.5,violin1,None,note,0
1475.0,1475.5,77,F5,0.5,0,369,4.0,violin1,None,note,0
1475.5,1476.0,74,D5,0.5,0,369,4.5,violin1,None,note,0
1476.0,1479.0,72,C5,3.0,0,370,1.0,violin1,None,note,0
1479.0,1480.0,73,C#5,1.0,0,370,4.0,violin1,None,note,0
1480.0,1481.0,74,D5,1.0,0,371,1.0,violin1,None,note,0
1485.0,1485.75,77,F5,0.75,0,372,2.0,violin1,None,note,0
1485.75,1486.0,74,D5,0.25,0,372,2.75,violin1,None,note,0
1486.0,1486.5,71,B4,0.5,0,372,3.0,violin1,None,note,0
1487.0,1487.5,71,B4,0.5,0,372,4.0,violin1,None,note,0
1488.0,1489.5,72,C5,1.5,0,373,1.0,violin1,None,note,0
1489.5,1489.75,71,B4,0.25,0,373,2.5,violin1,None,note,0
1489.75,1490.0,69,A4,0.25,0,373,2.75,violin1,None,note,0
1490.0,1490.5,67,G4,0.5,0,373,3.0,violin1,None,note,0
1491.0,1491.75,67,G4,0.75,0,373,4.0,violin1,None,note,0
1491.75,1492.0,69,A4,0.25,0,373,4.75,violin1,None,note,0
1492.0,1492.5,65,F4,0.5,0,374,1.0,violin1,None,note,0
1493.0,1493.75,65,F4,0.75,0,374,2.0,violin1,None,note,0
1493.75,1494.0,67,G4,0.25,0,374,2.75,violin1,None,note,0
1494.0,1494.5,64,E4,0.5,0,374,3.0,violin1,None,note,0
1495.0,1495.75,64,E4,0.75,0,374,4.0,violin1,None,note,0
1495.75,1496.0,65,F4,0.25,0,374,4.75,violin1,None,note,0
1496.0,1497.0,62,D4,1.0,0,375,1.0,violin1,None,note,0
1497.0,1498.0,62,D4,1.0,0,375,2.0,violin1,None,note,0
1498.0,1499.0,62,D4,1.0,0,375,3.0,violin1,None,note,0
1499.0,1499.75,64,E4,0.75,0,375,4.0,violin1,None,note,0
1499.75,1500.0,65,F4,0.25,0,375,4.75,violin1,None,note,0
1500.0,1500.5,67,G4,0.5,0,376,1.0,violin1,None,note,0
1501.0,1501.75,67,G4,0.75,0,376,2.0,violin1,None,note,0
1501.75,1502.0,69,A4,0.25,0,376,2.75,violin1,None,note,0
1502.0,1502.5,65,F4,0.5,0,376,3.0,violin1,None,note,0
1503.0,1503.75,65,F4,0.75,0,376,4.0,violin1,None,note,0
1503.75,1504.0,67,G4,0.25,0,376,4.75,violin1,None,note,0
1504.0,1505.0,64,E4,1.0,0,377,1.0,violin1,None,note,0
1505.0,1506.0,64,E4,1.0,0,377,2.0,violin1,None,note,0
1506.0,1506.5,64,E4,0.5,0,377,3.0,violin1,None,note,0
1506.5,1507.0,67,G4,0.5,0,377,3.5,violin1,None,note,0
1507.0,1507.5,65,F4,0.5,0,377,4.0,violin1,None,note,0
1507.5,1508.0,62,D4,0.5,0,377,4.5,violin1,None,note,0
1508.0,1511.0,60,C4,3.0,0,378,1.0,violin1,None,note,0
1511.0,1511.5,64,E4,0.5,0,378,4.0,violin1,None,note,0
1511.5,1512.0,62,D4,0.5,0,378,4.5,violin1,None,note,0
1512.0,1513.0,60,C4,1.0,0,379,1.0,violin1,None,note,0
1516.0,1519.0,74,D5,3.0,0,380,1.0,violin1,None,note,0
1519.0,1519.5,76,E5,0.5,0,380,4.0,violin1,None,note,0
1519.5,1520.0,77,F5,0.5,0,380,4.5,violin1,None,note,0
1520.0,1521.0,79,G5,1.0,0,381,1.0,violin1,None,note,0
1521.0,1522.0,79,G5,1.0,0,381,2.0,violin1,None,note,0
1522.0,1523.0,79,G5,1.0,0,381,3.0,violin1,None,note,0
1523.0,1523.25,77,F5,0.25,0,381,4.0,violin1,None,note,0
1523.25,1523.5,76,E5,0.25,0,381,4.25,violin1,None,note,0
1523.5,1523.75,74,D5,0.25,0,381,4.5,violin1,None,note,0
1523.75,1524.0,72,C5,0.25,0,381,4.75,violin1,None,note,0
1524.0,1525.0,74,D5,1.0,0,382,1.0,violin1,None,note,0
1525.0,1526.0,74,D5,1.0,0,382,2.0,violin1,None,note,0
1526.0,1527.0,74,D5,1.0,0,382,3.0,violin1,None,note,0
1527.0,1527.25,72,C5,0.25,0,382,4.0,violin1,None,note,0
1527.25,1527.5,71,B4,0.25,0,382,4.25,violin1,None,note,0
1527.5,1527.75,69,A4,0.25,0,382,4.5,violin1,None,note,0
1527.75,1528.0,67,G4,0.25,0,382,4.75,violin1,None,note,0
1528.0,1529.0,72,C5,1.0,0,383,1.0,violin1,None,note,0
1532.0,1535.0,74,D5,3.0,0,384,1.0,violin1,None,note,0
1535.0,1535.5,76,E5,0.5,0,384,4.0,violin1,None,note,0
1535.5,1536.0,77,F5,0.5,0,384,4.5,violin1,None,note,0
1536.0,1537.0,79,G5,1.0,0,385,1.0,violin1,None,note,0
1537.0,1538.0,79,G5,1.0,0,385,2.0,violin1,None,note,0
1538.0,1539.0,79,G5,1.0,0,385,3.0,violin1,None,note,0
1539.0,1539.25,77,F5,0.25,0,385,4.0,violin1,None,note,0
1539.25,1539.5,76,E5,0.25,0,385,4.25,violin1,None,note,0
1539.5,1539.75,74,D5,0.25,0,385,4.5,violin1,None,note,0
1539.75,1540.0,73,C#5,0.25,0,385,4.75,violin1,None,note,0
1540.0,1541.0,81,A5,1.0,0,386,1.0,violin1,None,note,0
1541.0,1542.0,81,A5,1.0,0,386,2.0,violin1,None,note,0
1542.0,1543.0,81,A5,1.0,0,386,3.0,violin1,None,note,0
1543.0,1543.25,79,G5,0.25,0,386,4.0,violin1,None,note,0
1543.25,1543.5,77,F5,0.25,0,386,4.25,violin1,None,note,0
1543.5,1543.75,76,E5,0.25,0,386,4.5,violin1,None,note,0
1543.75,1544.0,74,D5,0.25,0,386,4.75,violin1,None,note,0
1544.0,1545.0,82,B-5,1.0,0,387,1.0,violin1,None,note,0
1545.0,1546.0,82,B-5,1.0,0,387,2.0,violin1,None,note,0
1546.0,1547.0,82,B-5,1.0,0,387,3.0,violin1,None,note,0
1552.0,1556.0,80,A-5,4.0,0,389,1.0,violin1,None,note,0
1556.0,1556.0,79,G5,0.0,0,390,1.0,violin1,None,note,0
1556.0,1558.0,80,A-5,2.0,0,390,1.0,violin1,None,note,0
1558.0,1558.0,79,G5,0.0,0,390,3.0,violin1,None,note,0
1558.0,1560.0,80,A-5,2.0,0,390,3.0,violin1,None,note,0
1560.0,1564.0,85,D-6,4.0,0,391,1.0,violin1,None,note,0
1564.0,1564.0,84,C6,0.0,0,392,1.0,violin1,None,note,0
1564.0,1566.0,85,D-6,2.0,0,392,1.0,violin1,None,note,0
1566.0,1566.0,84,C6,0.0,0,392,3.0,violin1,None,note,0
1566.0,1568.0,85,D-6,2.0,0,392,3.0,violin1,None,note,0
1568.0,1570.0,85,D-6,2.0,0,393,1.0,violin1,None,note,0
1570.0,1572.0,84,C6,2.0,0,393,3.0,violin1,None,note,0
1572.0,1574.0,84,C6,2.0,0,394,1.0,violin1,None,note,0
1574.0,1576.0,83,B5,2.0,0,394,3.0,violin1,None,note,0
1576.0,1577.0,84,C6,1.0,0,395,1.0,violin1,None,note,0
1577.0,1578.0,67,G4,1.0,0,395,2.0,violin1,None,chord,0
1577.0,1578.0,76,E5,1.0,0,395,2.0,violin1,None,chord,0
1577.0,1578.0,84,C6,1.0,0,395,2.0,violin1,None,chord,0
1579.0,1580.0,65,F4,1.0,0,395,4.0,violin1,None,chord,0
1579.0,1580.0,72,C5,1.0,0,395,4.0,violin1,None,chord,0
1579.0,1580.0,81,A5,1.0,0,395,4.0,violin1,None,chord,0
1581.0,1582.0,64,E4,1.0,0,396,2.0,violin1,None,chord,0
1581.0,1582.0,72,C5,1.0,0,396,2.0,violin1,None,chord,0
1581.0,1582.0,79,G5,1.0,0,396,2.0,violin1,None,chord,0
1583.0,1584.0,55,G3,1.0,0,396,4.0,violin1,None,chord,0
1583.0,1584.0,62,D4,1.0,0,396,4.0,violin1,None,chord,0
1583.0,1584.0,71,B4,1.0,0,396,4.0,violin1,None,chord,0
1584.0,1585.5,72,C5,1.5,0,397,1.0,violin1,None,note,0
1585.5,1586.0,71,B4,0.5,0,397,2.5,violin1,None,note,0
1586.0,1586.75,74,D5,0.75,0,397,3.0,violin1,None,note,0
1586.75,1587.0,72,C5,0.25,0,397,3.75,violin1,None,note,0
1587.0,1587.75,77,F5,0.75,0,397,4.0,violin1,None,note,0
1587.75,1588.0,76,E5,0.25,0,397,4.75,violin1,None,note,0
1588.0,1589.5,74,D5,1.5,0,398,1.0,violin1,None,note,0
1589.5,1590.0,73,C#5,0.5,0,398,2.5,violin1,None,note,0
1590.0,1590.75,76,E5,0.75,0,398,3.0,violin1,None,note,0
1590.75,1591.0,74,D5,0.25,0,398,3.75,violin1,None,note,0
1591.0,1591.75,79,G5,0.75,0,398,4.0,violin1,None,note,0
1591.75,1592.0,77,F5,0.25,0,398,4.75,violin1,None,note,0
1592.0,1593.5,76,E5,1.5,0,399,1.0,violin1,None,note,0
1593.5,1594.0,75,D#5,0.5,0,399,2.5,violin1,None,note,0
1594.0,1594.75,77,F5,0.75,0,399,3.0,violin1,None,note,0
1594.75,1595.0,76,E5,0.25,0,399,3.75,violin1,None,note,0
1595.0,1595.75,81,A5,0.75,0,399,4.0,violin1,None,note,0
1595.75,1596.0,79,G5,0.25,0,399,4.75,violin1,None,note,0
1596.0,1596.25,77,F5,0.25,0,400,1.0,violin1,None,note,0
1596.25,1596.5,79,G5,0.25,0,400,1.25,violin1,None,note,0
1596.5,1596.75,81,A5,0.25,0,400,1.5,violin1,None,note,0
1596.75,1597.0,79,G5,0.25,0,400,1.75,violin1,None,note,0
1597.0,1597.5,77,F5,0.5,0,400,2.0,violin1,None,note,0
1597.5,1598.0,77,F5,0.5,0,400,2.5,violin1,None,note,0
1598.0,1598.25,76,E5,0.25,0,400,3.0,violin1,None,note,0
1598.25,1598.5,77,F5,0.25,0,400,3.25,violin1,None,note,0
1598.5,1598.75,79,G5,0.25,0,400,3.5,violin1,None,note,0
1598.75,1599.0,77,F5,0.25,0,400,3.75,violin1,None,note,0
1599.0,1599.5,76,E5,0.5,0,400,4.0,violin1,None,note,0
1599.5,1600.0,76,E5,0.5,0,400,4.5,violin1,None,note,0
1600.0,1601.5,74,D5,1.5,0,401,1.0,violin1,None,note,0
1601.5,1601.75,76,E5,0.25,0,401,2.5,violin1,None,note,0
1601.75,1602.0,77,F5,0.25,0,401,2.75,violin1,None,note,0
1602.0,1603.5,67,G4,1.5,0,401,3.0,violin1,None,note,0
1603.5,1603.75,69,A4,0.25,0,401,4.5,violin1,None,note,0
1603.75,1604.0,71,B4,0.25,0,401,4.75,violin1,None,note,0
1604.0,1604.5,72,C5,0.5,0,402,1.0,violin1,None,note,0
1604.5,1605.5,84,C6,1.0,0,402,1.5,violin1,None,note,0
1605.5,1606.5,84,C6,1.0,0,402,2.5,violin1,None,note,0
1606.5,1607.5,84,C6,1.0,0,402,3.5,violin1,None,note,0
1607.5,1608.5,84,C6,1.0,0,402,4.5,violin1,<music21.tie.Tie start>,note,1
1608.5,1609.5,84,C6,1.0,0,403,1.5,violin1,None,note,0
1609.5,1610.5,84,C6,1.0,0,403,2.5,violin1,None,note,0
1610.5,1611.5,84,C6,1.0,0,403,3.5,violin1,None,note,0
1611.5,1612.5,84,C6,1.0,0,403,4.5,violin1,<music21.tie.Tie start>,note,1
1612.5,1613.5,84,C6,1.0,0,404,1.5,violin1,None,note,0
1613.5,1614.5,84,C6,1.0,0,404,2.5,violin1,None,note,0
1614.5,1615.5,84,C6,1.0,0,404,3.5,violin1,None,note,0
1615.5,1616.0,84,C6,0.5,0,404,4.5,violin1,None,note,0
1616.0,1617.0,84,C6,1.0,0,405,1.0,violin1,None,note,0
1617.0,1618.0,85,C#6,1.0,0,405,2.0,violin1,None,note,0
1618.0,1619.0,86,D6,1.0,0,405,3.0,violin1,None,note,0
1619.0,1620.0,88,E6,1.0,0,405,4.0,violin1,None,note,0
1620.0,1620.5,89,F6,0.5,0,406,1.0,violin1,None,note,0
1620.5,1621.5,89,F6,1.0,0,406,1.5,violin1,None,note,0
1621.5,1622.5,89,F6,1.0,0,406,2.5,violin1,None,note,0
1622.5,1623.5,89,F6,1.0,0,406,3.5,violin1,None,note,0
1623.5,1624.5,89,F6,1.0,0,406,4.5,violin1,<music21.tie.Tie start>,note,1
1624.5,1625.0,86,D6,0.5,0,407,1.5,violin1,None,note,0
1625.0,1625.5,83,B5,0.5,0,407,2.0,violin1,None,note,0
1625.5,1626.0,79,G5,0.5,0,407,2.5,violin1,None,note,0
1626.0,1626.5,77,F5,0.5,0,407,3.0,violin1,None,note,0
1626.5,1627.0,74,D5,0.5,0,407,3.5,violin1,None,note,0
1627.0,1627.5,71,B4,0.5,0,407,4.0,violin1,None,note,0
1627.5,1628.0,67,G4,0.5,0,407,4.5,violin1,None,note,0
1628.0,1629.0,65,F4,1.0,0,408,1.0,violin1,None,note,0
1633.5,1634.0,67,G4,0.5,0,409,2.5,violin1,None,note,0
1634.0,1635.0,76,E5,1.0,0,409,3.0,violin1,None,note,0
1635.0,1635.5,76,E5,0.5,0,409,4.0,violin1,None,note,0
1635.5,1636.0,76,E5,0.5,0,409,4.5,violin1,None,note,0
1636.0,1636.5,76,E5,0.5,0,410,1.0,violin1,None,note,0
1636.5,1637.0,74,D5,0.5,0,410,1.5,violin1,None,note,0
1637.0,1637.5,74,D5,0.5,0,410,2.0,violin1,None,note,0
1637.5,1638.0,74,D5,0.5,0,410,2.5,violin1,None,note,0
1638.0,1638.0,76,E5,0.0,0,410,3.0,violin1,None,note,0
1638.0,1638.5,74,D5,0.5,0,410,3.0,violin1,None,note,0
1638.5,1639.0,72,C5,0.5,0,410,3.5,violin1,None,note,0
1639.0,1639.5,74,D5,0.5,0,410,4.0,violin1,None,note,0
1639.5,1640.0,76,E5,0.5,0,410,4.5,violin1,None,note,0
1640.0,1641.0,72,C5,1.0,0,411,1.0,violin1,None,note,0
1641.0,1641.5,67,G4,0.5,0,411,2.0,violin1,None,note,0
1641.5,1642.0,67,G4,0.5,0,411,2.5,violin1,None,note,0
1642.0,1642.5,67,G4,0.5,0,411,3.0,violin1,None,note,0
1642.5,1643.0,76,E5,0.5,0,411,3.5,violin1,None,note,0
1643.0,1643.5,76,E5,0.5,0,411,4.0,violin1,None,note,0
1643.5,1644.0,76,E5,0.5,0,411,4.5,violin1,None,note,0
1644.0,1644.5,76,E5,0.5,0,412,1.0,violin1,None,note,0
1644.5,1645.0,74,D5,0.5,0,412,1.5,violin1,None,note,0
1645.0,1645.5,74,D5,0.5,0,412,2.0,violin1,None,note,0
1645.5,1646.0,74,D5,0.5,0,412,2.5,violin1,None,note,0
1646.0,1646.0,76,E5,0.0,0,412,3.0,violin1,None,note,0
1646.0,1646.5,74,D5,0.5,0,412,3.0,violin1,None,note,0
1646.5,1647.0,72,C5,0.5,0,412,3.5,violin1,None,note,0
1647.0,1647.5,74,D5,0.5,0,412,4.0,violin1,None,note,0
1647.5,1648.0,76,E5,0.5,0,412,4.5,violin1,None,note,0
1648.0,1649.0,72,C5,1.0,0,413,1.0,violin1,None,note,0
1649.0,1649.5,79,G5,0.5,0,413,2.0,violin1,None,note,0
1649.5,1650.0,67,G4,0.5,0,413,2.5,violin1,None,note,0
1650.0,1650.5,67,G4,0.5,0,413,3.0,violin1,None,note,0
1650.5,1651.0,76,E5,0.5,0,413,3.5,violin1,None,note,0
1651.0,1651.5,76,E5,0.5,0,413,4.0,violin1,None,note,0
1651.5,1652.0,76,E5,0.5,0,413,4.5,violin1,None,note,0
1652.0,1652.5,76,E5,0.5,0,414,1.0,violin1,None,note,0
1652.5,1653.0,74,D5,0.5,0,414,1.5,violin1,None,note,0
1653.0,1653.5,74,D5,0.5,0,414,2.0,violin1,None,note,0
1653.5,1654.0,74,D5,0.5,0,414,2.5,violin1,None,note,0
1654.0,1654.0,76,E5,0.0,0,414,3.0,violin1,None,note,0
1654.0,1654.5,74,D5,0.5,0,414,3.0,violin1,None,note,0
1654.5,1655.0,72,C5,0.5,0,414,3.5,violin1,None,note,0
1655.0,1655.5,74,D5,0.5,0,414,4.0,violin1,None,note,0
1655.5,1656.0,76,E5,0.5,0,414,4.5,violin1,None,note,0
1656.0,1657.5,72,C5,1.5,0,415,1.0,violin1,None,note,0
1657.5,1658.0,76,E5,0.5,0,415,2.5,violin1,None,note,0
1658.0,1659.5,69,A4,1.5,0,415,3.0,violin1,None,note,0
1659.5,1660.0,77,F5,0.5,0,415,4.5,violin1,None,note,0
1660.0,1660.5,74,D5,0.5,0,416,1.0,violin1,None,note,0
1660.5,1661.0,81,A5,0.5,0,416,1.5,violin1,None,note,0
1661.0,1661.5,77,F5,0.5,0,416,2.0,violin1,None,note,0
1661.5,1662.0,74,D5,0.5,0,416,2.5,violin1,None,note,0
1662.0,1662.5,71,B4,0.5,0,416,3.0,violin1,None,note,0
1662.5,1663.0,72,C5,0.5,0,416,3.5,violin1,None,note,0
1663.0,1663.5,74,D5,0.5,0,416,4.0,violin1,None,note,0
1663.5,1664.0,76,E5,0.5,0,416,4.5,violin1,None,note,0
1664.0,1665.5,72,C5,1.5,0,417,1.0,violin1,None,note,0
1665.5,1666.0,76,E5,0.5,0,417,2.5,violin1,None,note,0
1666.0,1667.5,69,A4,1.5,0,417,3.0,violin1,None,note,0
1667.5,1668.0,77,F5,0.5,0,417,4.5,violin1,None,note,0
1668.0,1668.5,74,D5,0.5,0,418,1.0,violin1,None,note,0
1668.5,1669.0,81,A5,0.5,0,418,1.5,violin1,None,note,0
1669.0,1669.5,77,F5,0.5,0,418,2.0,violin1,None,note,0
1669.5,1670.0,74,D5,0.5,0,418,2.5,violin1,None,note,0
1670.0,1670.5,71,B4,0.5,0,418,3.0,violin1,None,note,0
1670.5,1671.0,72,C5,0.5,0,418,3.5,violin1,None,note,0
1671.0,1671.5,74,D5,0.5,0,418,4.0,violin1,None,note,0
1671.5,1672.0,76,E5,0.5,0,418,4.5,violin1,None,note,0
1672.0,1672.5,72,C5,0.5,0,419,1.0,violin1,None,note,0
1673.0,1673.25,79,G5,0.25,0,419,2.0,violin1,None,note,0
1673.25,1673.5,79,G5,0.25,0,419,2.25,violin1,None,note,0
1673.5,1673.75,78,F#5,0.25,0,419,2.5,violin1,None,note,0
1673.75,1674.0,78,F#5,0.25,0,419,2.75,violin1,None,note,0
1674.0,1674.25,79,G5,0.25,0,419,3.0,violin1,None,note,0
1674.25,1674.5,79,G5,0.25,0,419,3.25,violin1,None,note,0
1674.5,1674.75,78,F#5,0.25,0,419,3.5,violin1,None,note,0
1674.75,1675.0,78,F#5,0.25,0,419,3.75,violin1,None,note,0
1675.0,1675.25,79,G5,0.25,0,419,4.0,violin1,None,note,0
1675.25,1675.5,79,G5,0.25,0,419,4.25,violin1,None,note,0
1675.5,1675.75,76,E5,0.25,0,419,4.5,violin1,None,note,0
1675.75,1676.0,76,E5,0.25,0,419,4.75,violin1,None,note,0
1676.0,1676.5,77,F5,0.5,0,420,1.0,violin1,None,note,0
1677.0,1677.25,77,F5,0.25,0,420,2.0,violin1,None,note,0
1677.25,1677.5,77,F5,0.25,0,420,2.25,violin1,None,note,0
1677.5,1677.75,76,E5,0.25,0,420,2.5,violin1,None,note,0
1677.75,1678.0,76,E5,0.25,0,420,2.75,violin1,None,note,0
1678.0,1678.25,77,F5,0.25,0,420,3.0,violin1,None,note,0
1678.25,1678.5,77,F5,0.25,0,420,3.25,violin1,None,note,0
1678.5,1678.75,76,E5,0.25,0,420,3.5,violin1,None,note,0
1678.75,1679.0,76,E5,0.25,0,420,3.75,violin1,None,note,0
1679.0,1679.25,77,F5,0.25,0,420,4.0,violin1,None,note,0
1679.25,1679.5,77,F5,0.25,0,420,4.25,violin1,None,note,0
1679.5,1679.75,74,D5,0.25,0,420,4.5,violin1,None,note,0
1679.75,1680.0,74,D5,0.25,0,420,4.75,violin1,None,note,0
1680.0,1680.5,76,E5,0.5,0,421,1.0,violin1,None,note,0
1681.0,1681.5,72,C5,0.5,0,421,2.0,violin1,None,note,0
1681.5,1681.75,71,B4,0.25,0,421,2.5,violin1,None,note,0
1681.75,1682.0,72,C5,0.25,0,421,2.75,violin1,None,note,0
1682.0,1682.5,81,A5,0.5,0,421,3.0,violin1,None,note,0
1682.5,1683.0,81,A5,0.5,0,421,3.5,violin1,None,note,0
1683.0,1683.5,71,B4,0.5,0,421,4.0,violin1,None,note,0
1683.5,1684.0,71,B4,0.5,0,421,4.5,violin1,None,note,0
1684.0,1684.5,72,C5,0.5,0,422,1.0,violin1,None,note,0
1685.0,1685.25,79,G5,0.25,0,422,2.0,violin1,None,note,0
1685.25,1685.5,79,G5,0.25,0,422,2.25,violin1,None,note,0
1685.5,1685.75,78,F#5,0.25,0,422,2.5,violin1,None,note,0
1685.75,1686.0,78,F#5,0.25,0,422,2.75,violin1,None,note,0
1686.0,1686.25,79,G5,0.25,0,422,3.0,violin1,None,note,0
1686.25,1686.5,79,G5,0.25,0,422,3.25,violin1,None,note,0
1686.5,1686.75,78,F#5,0.25,0,422,3.5,violin1,None,note,0
1686.75,1687.0,78,F#5,0.25,0,422,3.75,violin1,None,note,0
1687.0,1687.25,79,G5,0.25,0,422,4.0,violin1,None,note,0
1687.25,1687.5,79,G5,0.25,0,422,4.25,violin1,None,note,0
1687.5,1687.75,88,E6,0.25,0,422,4.5,violin1,None,note,0
1687.75,1688.0,88,E6,0.25,0,422,4.75,violin1,None,note,0
1688.0,1688.5,77,F5,0.5,0,423,1.0,violin1,None,note,0
1689.0,1689.25,77,F5,0.25,0,423,2.0,violin1,None,note,0
1689.25,1689.5,77,F5,0.25,0,423,2.25,violin1,None,note,0
1689.5,1689.75,76,E5,0.25,0,423,2.5,violin1,None,note,0
1689.75,1690.0,76,E5,0.25,0,423,2.75,violin1,None,note,0
1690.0,1690.25,77,F5,0.25,0,423,3.0,violin1,None,note,0
1690.25,1690.5,77,F5,0.25,0,423,3.25,violin1,None,note,0
1690.5,1690.75,76,E5,0.25,0,423,3.5,violin1,None,note,0
1690.75,1691.0,76,E5,0.25,0,423,3.75,violin1,None,note,0
1691.0,1691.25,77,F5,0.25,0,423,4.0,violin1,None,note,0
1691.25,1691.5,77,F5,0.25,0,423,4.25,violin1,None,note,0
1691.5,1691.75,86,D6,0.25,0,423,4.5,violin1,None,note,0
1691.75,1692.0,86,D6,0.25,0,423,4.75,violin1,None,note,0
1692.0,1692.5,76,E5,0.5,0,424,1.0,violin1,None,note,0
1693.0,1693.5,79,G5,0.5,0,424,2.0,violin1,None,note,0
1693.5,1693.75,77,F5,0.25,0,424,2.5,violin1,None,note,0
1693.75,1694.0,79,G5,0.25,0,424,2.75,violin1,None,note,0
1694.0,1694.5,81,A5,0.5,0,424,3.0,violin1,None,note,0
1694.5,1695.0,81,A5,0.5,0,424,3.5,violin1,None,note,0
1695.0,1695.5,83,B5,0.5,0,424,4.0,violin1,None,note,0
1695.5,1696.0,83,B5,0.5,0,424,4.5,violin1,None,note,0
1696.0,1696.5,84,C6,0.5,0,425,1.0,violin1,None,note,0
1696.5,1697.0,84,C6,0.5,0,425,1.5,violin1,None,note,0
1697.0,1697.5,81,A5,0.5,0,425,2.0,violin1,None,note,0
1697.5,1698.0,81,A5,0.5,0,425,2.5,violin1,None,note,0
1698.0,1698.5,79,G5,0.5,0,425,3.0,violin1,None,note,0
1698.5,1699.0,79,G5,0.5,0,425,3.5,violin1,None,note,0
1699.0,1699.5,71,B4,0.5,0,425,4.0,violin1,None,note,0
1699.5,1700.0,71,B4,0.5,0,425,4.5,violin1,None,note,0
1700.0,1701.0,72,C5,1.0,0,426,1.0,violin1,None,note,0
1701.5,1701.625,77,F5,0.125,0,426,2.5,violin1,None,note,0
1701.625,1701.75,76,E5,0.125,0,426,2.625,violin1,None,note,0
1701.75,1701.875,74,D5,0.125,0,426,2.75,violin1,None,note,0
1701.875,1702.0,72,C5,0.125,0,426,2.875,violin1,None,note,0
1702.0,1703.0,71,B4,1.0,0,426,3.0,violin1,None,note,0
1703.5,1703.625,79,G5,0.125,0,426,4.5,violin1,None,note,0
1703.625,1703.75,77,F5,0.125,0,426,4.625,violin1,None,note,0
1703.75,1703.875,76,E5,0.125,0,426,4.75,violin1,None,note,0
1703.875,1704.0,74,D5,0.125,0,426,4.875,violin1,None,note,0
1704.0,1705.0,76,E5,1.0,0,427,1.0,violin1,None,note,0
1705.5,1705.625,77,F5,0.125,0,427,2.5,violin1,None,note,0
1705.625,1705.75,76,E5,0.125,0,427,2.625,violin1,None,note,0
1705.75,1705.875,74,D5,0.125,0,427,2.75,violin1,None,note,0
1705.875,1706.0,72,C5,0.125,0,427,2.875,violin1,None,note,0
1706.0,1707.0,71,B4,1.0,0,427,3.0,violin1,None,note,0
1707.5,1707.625,79,G5,0.125,0,427,4.5,violin1,None,note,0
1707.625,1707.75,77,F5,0.125,0,427,4.625,violin1,None,note,0
1707.75,1707.875,76,E5,0.125,0,427,4.75,violin1,None,note,0
1707.875,1708.0,74,D5,0.125,0,427,4.875,violin1,None,note,0
1708.0,1709.0,76,E5,1.0,0,428,1.0,violin1,None,note,0
1709.5,1709.625,77,F5,0.125,0,428,2.5,violin1,None,note,0
1709.625,1709.75,76,E5,0.125,0,428,2.625,violin1,None,note,0
1709.75,1709.875,74,D5,0.125,0,428,2.75,violin1,None,note,0
1709.875,1710.0,72,C5,0.125,0,428,2.875,violin1,None,note,0
1710.0,1711.0,71,B4,1.0,0,428,3.0,violin1,None,note,0
1711.5,1711.625,79,G5,0.125,0,428,4.5,violin1,None,note,0
1711.625,1711.75,77,F5,0.125,0,428,4.625,violin1,None,note,0
1711.75,1711.875,76,E5,0.125,0,428,4.75,violin1,None,note,0
1711.875,1712.0,74,D5,0.125,0,428,4.875,violin1,None,note,0
1712.0,1712.5,72,C5,0.5,0,429,1.0,violin1,None,note,0
1712.5,1713.0,67,G4,0.5,0,429,1.5,violin1,None,note,0
1713.0,1713.5,72,C5,0.5,0,429,2.0,violin1,None,note,0
1713.5,1714.0,67,G4,0.5,0,429,2.5,violin1,None,note,0
1714.0,1714.5,72,C5,0.5,0,429,3.0,violin1,None,note,0
1714.5,1715.0,67,G4,0.5,0,429,3.5,violin1,None,note,0
1715.0,1715.5,72,C5,0.5,0,429,4.0,violin1,None,note,0
1715.5,1716.0,67,G4,0.5,0,429,4.5,violin1,None,note,0
1716.0,1716.5,72,C5,0.5,0,430,1.0,violin1,None,note,0
1716.5,1717.0,76,E5,0.5,0,430,1.5,violin1,None,note,0
1717.0,1717.5,79,G5,0.5,0,430,2.0,violin1,None,note,0
1717.5,1718.0,76,E5,0.5,0,430,2.5,violin1,None,note,0
1718.0,1718.5,79,G5,0.5,0,430,3.0,violin1,None,note,0
1718.5,1719.0,76,E5,0.5,0,430,3.5,violin1,None,note,0
1719.0,1719.5,79,G5,0.5,0,430,4.0,violin1,None,note,0
1719.5,1720.0,76,E5,0.5,0,430,4.5,violin1,None,note,0
1720.0,1721.0,72,C5,1.0,0,431,1.0,violin1,None,note,0
1721.0,1722.0,67,G4,1.0,0,431,2.0,violin1,None,chord,0
1721.0,1722.0,76,E5,1.0,0,431,2.0,violin1,None,chord,0
1721.0,1722.0,84,C6,1.0,0,431,2.0,violin1,None,chord,0
1722.0,1723.0,67,G4,1.0,0,431,3.0,violin1,None,chord,0
1722.0,1723.0,76,E5,1.0,0,431,3.0,violin1,None,chord,0
1722.0,1723.0,84,C6,1.0,0,431,3.0,violin1,None,chord,0
1723.0,1724.0,67,G4,1.0,0,431,4.0,violin1,None,chord,0
1723.0,1724.0,76,E5,1.0,0,431,4.0,violin1,None,chord,0
1723.0,1724.0,84,C6,1.0,0,431,4.0,violin1,None,chord,0
1724.0,1725.0,67,G4,1.0,0,432,1.0,violin1,None,chord,0
1724.0,1725.0,76,E5,1.0,0,432,1.0,violin1,None,chord,0
1724.0,1725.0,84,C6,1.0,0,432,1.0,violin1,None,chord,0
1726.0,1727.0,67,G4,1.0,0,432,3.0,violin1,None,chord,0
1726.0,1727.0,76,E5,1.0,0,432,3.0,violin1,None,chord,0
1726.0,1727.0,84,C6,1.0,0,432,3.0,violin1,None,chord,0
1728.0,1729.0,67,G4,1.0,0,433,1.0,violin1,None,chord,0
1728.0,1729.0,76,E5,1.0,0,433,1.0,violin1,None,chord,0
1728.0,1729.0,84,C6,1.0,0,433,1.0,violin1,None,chord,0
